6.49730692949
6.49578826705
6.49145148723
6.48746105275
6.4838252847
6.48556643867
6.48064853844
6.47693190483
6.47476952344
6.47313144149
6.46912938159
6.46965676545
6.4661994358
6.46262022008
6.45913207592
6.45602887317
6.45451878071
6.45298706932
6.45327451373
6.44961889836
6.44630251557
6.44301060416
6.43959483083
6.43670224209
6.43588330367
6.43715172661
6.43399403516
6.429993039
6.42683944433
6.42410648229
6.42134027795
6.41859810145
6.42300567485
6.41934674475
6.4157607396
6.41303246329
6.41022210687
6.40751468869
6.4049750644
6.4067068285
6.40566309943
6.40253595448
6.39979297595
6.39713582227
6.39469079467
6.39230172076
6.39398817892
6.39281560251
6.39062678077
6.38776915189
6.38508837679
6.38298084011
6.38073279803
6.38178929384
6.38031546134
6.37913193469
6.37646868258
6.37406770672
6.37180425565
6.3699321806
6.36992054959
6.36983017221
6.36822118016
6.36567138349
6.36351856018
6.36161085136
6.35957221403
6.36050523517
6.35879625011
6.35807291878
6.35573227584
6.35396022395
6.35190013209
6.34993152262
6.3481379674
6.35050732108
6.34913992995
6.34658093079
6.34454220183
6.34261498727
6.34092475351
6.33920065099
6.34119168645
6.34006430249
6.33780162693
6.33577243601
6.33400715704
6.33225358251
6.33056617389
6.32998731182
6.332566936
6.33006928565
6.32755481905
6.32578285319
6.32405115937
6.32268615589
6.32203714907
6.32403794105
6.3216865061
6.31973295977
75.1574336503
87.5980078491
97.3407441647
104.872005702
110.71897639
115.301555693
118.930199239
121.831114049
124.170030115
126.069866993
127.623083272
128.900159032
129.955498041
130.831555631
131.561804205
132.172826864
132.685879202
133.11810033
133.483377185
133.792974223
134.056118667
134.280369413
134.471916739
134.635873132
134.776508392
134.897284703
135.001101181
135.090268808
135.166802618
135.232259155
135.288011774
135.334807879
135.373849542
135.405393552
135.429734213
135.447096564
135.457442212
135.460106609
135.454728242
135.441186383
135.41651281
135.381766903
135.331223413
135.266225334
135.180956328
135.073104403
134.935642592
134.768625902
134.557415037
134.309166738
134.009210536
133.64412363
133.208386925
132.704231562
132.131974782
131.508527819
130.814991373
130.078598053
129.380152769
128.599615882
127.889504107
127.16189388
126.471602862
125.807388906
125.139396644
124.407234511
123.704918331
123.036539257
122.320070488
121.611697149
120.809385786
120.084400033
119.262373382
118.511296895
117.705477778
116.794298704
115.917723945
115.090195037
114.07434792
113.118736674
112.225055213
111.252649732
110.444351042
109.587567573
108.548126676
107.685841414
106.753485808
105.913613327
104.927615491
104.04219494
103.085451851
102.276892158
101.416834662
100.470165242
99.533407817
98.7221565305
97.8366571317
97.1256860421
96.1836499834
95.4772138872
74.2503116889
74.2455703939
74.2202242564
74.1252135352
73.9449338267
73.8178938407
73.7995905764
73.8408690792
73.8973137603
73.9435381749
73.9732407132
73.989972339
73.9987530301
74.0031863742
74.0053679651
74.0064139146
74.0068889776
74.0070783287
74.0071154321
74.0070672213
74.0069658798
74.0068142303
74.0066145634
74.00636695
74.0060569186
74.0056640108
74.0051762999
74.0045922524
74.0038534522
74.0029131285
74.0017529337
74.0003149619
73.9985622858
73.9963037039
73.9935848135
73.9901632961
73.985817072
73.9805621775
73.973947986
73.965544014
73.9554797242
73.9429613583
73.9272401726
73.9076246742
73.8845691754
73.8553848154
73.8199837894
73.7779782667
73.7266539198
73.6651808876
73.5957035492
73.5122290252
73.4153595163
73.30787673
73.1884778591
73.057360352
72.92059864
72.7698385045
72.6187051665
72.4552286212
72.2806173447
72.1079784114
71.914606614
71.7068550175
71.4902690882
71.2595279656
71.0041048911
70.7397698225
70.4662972587
70.1755870073
69.8791684795
69.573480994
69.2395697751
68.9170820053
68.5465543613
68.0803929866
67.0914408286
nan
nan
nan
nan
nan
nan
nan
nan
nan
nan
nan
nan
nan
nan
nan
nan
nan
nan
nan
nan
nan
nan
nan
74.2444424621
74.2250369034
74.1680303187
74.071593099
73.9755553712
73.890634032
73.8598374537
73.8848664484
73.9268377368
73.9610997406
73.9827198864
73.9947576687
74.0010268351
74.004149397
74.0056353204
74.0062747806
74.0064714437
74.0064178845
74.0062006614
74.0058611844
74.0053869429
74.0047582838
74.0039535728
74.0029256412
74.0016029627
73.9999275863
73.9977862409
73.995063301
73.991587301
73.987220798
73.9815619621
73.9744292889
73.9653558759
73.9538228609
73.9392576621
73.9209257858
73.8975743107
73.8692555293
73.8336355363
73.7898036425
73.736668653
73.6725768436
73.5987731855
73.5132746853
73.4154406873
73.3134802085
73.199499436
73.0836298085
72.96386373
72.8476801742
72.7322954368
72.6221357873
72.5102117629
72.394868025
72.2826163231
72.1647174468
72.0533654863
71.9347236825
71.8138504248
71.6901059948
71.5606836383
71.4188200052
71.2873259758
71.1540035873
70.9973315337
70.8418884448
70.6868245911
70.5026305157
70.29235447
70.0523366924
69.5964534796
nan
nan
nan
nan
nan
nan
nan
nan
nan
nan
nan
nan
nan
nan
nan
nan
nan
nan
nan
nan
nan
nan
nan
nan
nan
nan
nan
nan
nan
nan
nan
nan
nan
nan
nan
nan
nan
nan
nan
nan
nan
nan
nan
nan
nan
nan
nan
nan
nan
nan
nan
nan
nan
nan
nan
nan
nan
nan
nan
nan
nan
nan
nan
nan
nan
nan
nan
nan
nan
nan
nan
nan
nan
nan
nan
nan
nan
nan
nan
nan
nan
nan
nan
nan
nan
nan
nan
nan
nan
nan
nan
nan
nan
nan
nan
nan
nan
nan
nan
nan
nan
nan
nan
nan
nan
nan
nan
nan
nan
nan
nan
nan
nan
nan
nan
nan
nan
nan
nan
nan
nan
nan
nan
nan
nan
nan
nan
nan
nan
nan
nan
nan
nan
nan
nan
nan
nan
nan
nan
nan
nan
nan
nan
nan
nan
nan
nan
nan
nan
nan
nan
nan
nan
nan
nan
nan
nan
nan
nan
nan
nan
nan
nan
nan
nan
nan
nan
nan
nan
nan
nan
nan
nan
nan
nan
nan
nan
nan
nan
nan
nan
nan
nan
nan
nan
nan
nan
nan
nan
nan
nan
nan
nan
nan
nan
nan
nan
nan
nan
nan
nan
nan
nan
nan
nan
nan
nan
nan
nan
nan
nan
nan
nan
nan
nan
nan
nan
nan
nan
nan
nan
nan
nan
nan
nan
nan
nan
nan
nan
74.2523829073
74.2525575956
74.2527446644
74.2529427737
74.2531521298
74.2533728528
74.2536049558
74.2538483209
74.2541026724
74.254367545
74.2546422496
74.2549258342
74.2552170403
74.2555142557
74.2558154636
74.256118187
74.256419432
74.2567156281
74.2570025689
74.2572753555
74.2575283429
74.2577550955
74.2579483535
74.2581000137
74.258201132
74.2582419468
74.2582119267
74.2580998506
74.2578939079
74.2575818195
74.2571509659
74.2565885048
74.2558814545
74.2550167118
74.2539809701
74.252760502
74.2513407794
74.2497059159
74.2478379443
74.245715959
74.2433152318
74.2406063803
74.2375547756
74.2341203772
74.2302579959
74.2259182757
74.2210493299
74.2155989557
74.2095173616
74.2027600885
74.1952908935
74.1870843342
74.1781278281
74.1684231308
74.1579871254
74.1468520488
74.1350653273
74.1226890794
74.1097993821
74.0964852931
74.0828475696
74.068996928
74.0550517826
74.0411353904
74.0273725001
74.0138855057
74.0007906503
73.9881943457
73.9761899873
73.9648555147
73.9542518636
73.9444223445
73.935392945
73.9271733441
73.9197585637
73.913130972
73.9072624889
73.9021168532
73.8976517368
73.893820774
73.8905751723
73.8878652713
73.8856417183
73.8838563392
73.8824629023
73.8814175993
73.8806793275
73.8802099609
73.8799744013
73.8799405711
73.8800793503
73.8803644565
73.8807723163
73.8812818812
73.8818744713
73.8825335689
73.8832446702
73.8839950542
73.8847736723
73.8855709305
73.8863786063
73.8871896499
73.8879980755
73.8887988602
73.8895877819
73.8903614011
73.8911169097
73.8918520443
73.8925650145
73.8932545169
73.8939196123
73.8945596315
73.8951742027
73.8957631678
73.8963266309
73.8968647975
73.8973780304
73.8978668192
73.8983317946
73.8987735299
73.8991927345
73.899590134
73.8999665024
73.9003225722
73.9006591442
73.9009770146
73.9012770321
73.9015599893
73.9018266239
73.9020777693
73.9023141267
73.9025364512
73.9027454003
73.9029417225
73.9031260277
73.9032989361
73.9034610086
73.9036129026
73.9037551697
73.9038883434
73.9040129469
73.9041294651
73.9042383031
73.9043399153
73.9044347158
73.9045231236
73.9046054614
73.9046820957
73.9047533644
73.9048195767
73.9048810314
73.9049380347
73.9049907972
73.9050396186
73.9050847175
73.9051263029
73.9051646112
73.9051997886
73.9052319631
73.9052614072
73.9052882256
73.9053125741
73.9053345324
73.9053542975
73.9053720447
73.9053878349
73.905401814
73.9054141101
73.9054247361
73.9054337991
73.9054413919
73.9054475781
73.9054523001
73.9054557305
73.9054579861
73.9054590522
73.905459043
73.9054579778
73.9054559435
73.9054529621
73.9054490796
73.9054444366
73.9054388426
73.9054325084
73.9054253415
73.9054175624
73.9054089101
73.9053997195
73.9053895002
73.9053786332
73.9053670559
73.9053547337
73.9053419304
73.9053283499
73.9053142852
73.9052996544
73.9052842691
73.9052683424
73.9052518395
73.9052346646
74.2322597495
74.1509029939
74.1022932621
74.0721979771
74.0517125235
74.0364787191
74.024342229
74.0141865584
74.0054001412
73.9976287406
73.9906560529
73.9843416149
73.9785880401
73.9733261546
73.9685016441
73.9640701786
73.9599930953
73.9562354364
73.9527689601
73.9495642556
73.9465940324
73.9438268345
73.9412435461
73.9387994184
73.9364799959
73.9342355061
73.9320408499
73.9298457954
73.9275838975
73.9252225034
73.9226804803
73.919862905
73.9166597715
73.9129759875
73.9085816425
73.9032403976
73.8968677906
73.8888411524
73.8790606449
73.866634694
73.8512981325
73.8320566261
73.8071954667
73.777008801
73.738382179
73.6910402579
73.6312219229
73.5586511297
73.4711971967
73.3648242889
73.2435660508
73.1045290024
72.9498929519
72.7838159401
72.6090384235
72.4376603509
72.257650034
72.0728320638
71.8914339251
71.7133000341
71.5328725318
71.3546619899
71.1913943258
71.0114147766
70.8394830983
70.6629431517
70.5112969731
70.3275647481
70.1661258691
69.982100839
69.8112558559
69.6334663518
69.4695404874
69.2877865769
69.0970083719
68.9279416419
68.7390658843
68.5424487064
68.3335176806
68.1669672797
67.948392867
67.7854341066
67.5578097565
67.3566744675
67.162365383
66.9267713148
66.7036861466
66.4845707373
66.2390120363
66.0017681557
65.7143030066
65.4733266676
65.174024665
64.9015984317
64.5889724526
64.2733713323
64.0565542877
63.6651997533
63.3930239716
63.1057786637
62.7438844426
62.4335148021
62.1113437015
61.8020036051
61.5151414543
61.2238542439
60.9500141402
60.6349261763
60.3811203489
60.0721215009
59.8393801506
59.5783137747
59.2988446043
59.0444957924
58.8100194785
58.5765769463
58.3337297893
58.083307292
57.9079416433
57.6607812237
57.3962161543
57.2461446399
56.9984917701
56.7550066123
56.6162340587
56.3781775838
56.1457365304
55.9958247757
55.8714745629
55.5905365457
55.4384934788
55.2148014379
55.0736461319
54.8761645213
54.7064316656
54.5605377733
54.3661634467
54.1797098824
54.0748060505
53.8589589661
53.6894437613
53.6039430024
53.422157431
53.271369405
53.1868970398
53.0231772998
52.866276935
52.7508530467
52.6220501516
52.4703609799
52.361004038
52.2716440843
52.0866146503
51.9654344259
51.7843565725
51.6830405285
51.5400502592
51.4129691998
51.3128633939
51.1423485364
51.0041555089
50.90543523
50.76852258
50.6426723427
50.4953963629
50.4014724892
50.3118809654
50.2053588352
50.0832078845
49.9368100823
49.8397752297
49.7048817455
49.629849693
49.5373355504
49.3971357087
49.2806641254
49.1244318982
49.0734955479
48.9560527994
48.856444957
48.7436070347
48.592091717
48.5593936292
48.4423268059
48.3912410553
48.3035945814
48.1950521164
48.0864913173
48.0279160605
47.9341935753
47.8812739442
47.7890954165
47.6896727195
47.6006302098
47.5685748804
47.4906685195
47.434679626
47.3525828051
47.2919472618
47.2148434769
47.1438332054
47.1135902295
47.0095044319
46.937779162
46.8917714326
46.8214118132
46.757636695
46.7508520628
46.6435287061
46.5439175387
46.541307408
46.4552666054
46.4745786015
46.332749956
46.2888086213
46.2449430182
46.1906781076
46.1573099597
46.114695635
46.0164275155
45.9588184462
45.8963487262
45.8836243181
45.8136580821
45.7577739841
45.7007663534
45.6910972686
45.6065443961
45.5806144686
45.5062657959
45.4836382223
45.3992812161
45.3478875939
45.3374244957
45.3349659841
45.2269764825
45.2276355604
45.1343177488
45.0785119531
45.0802102418
45.0441066212
44.9864530622
44.9438986882
44.8877580248
44.8690033386
44.797137316
44.7709397482
44.742459929
44.7155313522
44.6169263829
44.6119285075
44.6070805433
44.5438352008
44.4896531475
44.4480460352
44.4392934218
44.4273525305
44.3505058629
44.3249979281
44.2962951379
44.2305387311
44.2376895374
44.1713316955
44.2005558253
44.1180025926
44.091152548
44.0218861155
44.0513455344
43.9864793682
43.9802948013
43.9171806778
43.8860140781
43.8882510397
43.8571653207
43.798768829
43.7704711427
43.7869726031
43.7133779783
43.6675844822
43.6450167633
43.6473777661
43.6333369257
43.5790398627
43.5444604936
43.4867507375
43.4976632416
43.5056456251
43.4506376405
43.4137874564
43.4042295345
43.353628031
43.3620852799
43.3306627359
43.3091987624
43.2673450561
43.2571143919
43.2169310566
43.2118522401
43.1726251203
43.1581722149
43.1449551908
43.1259657874
43.0616528882
43.0777395924
43.0351947696
43.0445032093
42.999860606
43.0032320513
42.9566582348
42.9274681708
42.9495404442
42.9221787986
42.8892118549
42.8617574658
42.8501219703
42.8283728768
42.8391505132
42.7947836691
42.7731158518
42.7574171899
42.7272457065
42.732412744
42.7184157048
42.702649548
42.6652665674
42.6405472151
42.6619560382
42.635450125
42.6112857605
42.5816934189
42.570550314
42.5565838848
42.5540075658
42.5209032598
42.5098933371
42.5000777114
42.4881774917
42.4728302494
42.4541367699
42.4489636983
42.4068494705
42.4005072925
42.3858051397
42.3871906907
42.3685334651
42.3316472923
42.3375593987
42.3106068955
42.297672066
42.3017297175
42.2782210552
42.2569457354
42.2477286562
42.2148430935
42.2213367541
42.216334326
42.1825016548
42.1665663428
42.1730076514
42.1415851011
42.1250864234
42.1426397061
42.1012064292
42.1005528831
42.0725517935
42.0601808661
42.045831909
42.0593221935
42.0201511759
42.0175052659
41.9967259057
41.9912365024
41.9735097427
41.9681594963
41.9603876585
41.92402353
41.9309159868
41.9134506334
41.8960846361
41.8826171542
41.8912504901
41.8683311728
41.8422812173
41.8455121869
41.8257014217
41.8157660196
41.8053512925
41.7997913831
41.7986042635
41.7636541456
41.7649717359
41.7487325244
41.7308247417
41.72980668
41.7062765444
41.7145941365
41.6900272092
41.6817602804
41.6726918399
41.6560730558
74.2059016072
73.9971241697
73.881765796
73.8250843001
73.7748438178
73.7218597015
73.6795430639
73.6476825542
73.6240531348
73.6066229783
73.5936932042
73.5839898243
73.5766116585
73.5709153374
73.5664450962
73.5628720333
73.5599546226
73.5575131541
73.5553995346
73.5534913102
73.5517011215
73.5499519155
73.5481157271
73.5461320874
73.5439329762
73.5413693035
73.5383243724
73.5345945419
73.5300705626
73.5244202668
73.5174377187
73.5084807097
73.4972918843
73.4830008014
73.4649229216
73.4418679899
73.4136097737
73.377163533
73.3327331788
73.2758461216
73.2056744496
73.1200360281
73.0148354019
72.8855454186
72.7314635115
72.5499662977
72.3350834098
72.094411974
71.8221989287
71.5247641928
71.2032103808
70.8640215973
70.5185554904
70.1706071834
69.8292095681
69.4944399925
69.154995347
68.8338780551
68.5008311187
68.1763023916
67.8144867995
67.169118152
nan
nan
nan
nan
nan
nan
nan
nan
nan
nan
nan
nan
nan
nan
nan
nan
nan
nan
nan
nan
nan
nan
nan
nan
nan
nan
nan
nan
nan
nan
nan
nan
nan
nan
nan
nan
nan
nan
74.2076794373
73.9947320383
73.8716977511
73.8132260092
73.7786934349
73.7332957086
73.6907437318
73.6574766479
73.632251452
73.6134160724
73.5993665753
73.5887973242
73.5807466616
73.5745335669
73.5696720615
73.5658126744
73.5627046241
73.5601532157
73.5580162018
73.5561943191
73.5545920959
73.5531431591
73.5517999735
73.5504942603
73.5491647078
73.5477942883
73.5462789383
73.544591564
73.5426185572
73.5402562463
73.5374141205
73.5339547266
73.5296855932
73.5243272356
73.5176650773
73.509362878
73.498731732
73.4856566573
73.469063902
73.4481121392
73.4219846424
73.3877718446
73.3469695837
73.29460712
73.2297871963
73.1488272363
73.0506520957
72.9287467046
72.7824280869
72.6080309048
72.4077523159
72.172313083
71.910501646
71.6218744928
71.3142623749
70.97963982
70.657987705
70.318426337
69.9945010254
69.6735893672
69.3399853623
69.0235767886
68.7104626681
68.3849595342
68.1114211168
67.8115653282
67.5364055068
67.2747989012
66.9713266447
66.7278183823
66.4062197167
66.1556568982
65.8371051914
65.5951768866
65.2972787767
64.9764995365
64.6500810406
64.3067392391
64.0566645917
63.5746577766
63.2511434673
62.8370516604
62.3961619853
62.027054715
61.5198229782
61.1476825775
60.7325378719
60.3521723927
75.8474220364
nan
nan
nan
nan
nan
nan
nan
nan
nan
nan
nan
74.1891392587
74.2439686673
74.2743998244
74.2853134521
74.2826979515
74.271508091
74.2551746747
74.2359433671
74.2152551741
74.1940221372
74.172818832
74.1519972736
74.1317658766
74.1122405394
74.0934796591
74.0754939326
74.058273508
74.041787479
74.02599817
74.0108543685
73.996306253
73.9822888399
73.9687399138
73.9555753121
73.9427313915
73.9300789218
73.9175617761
73.9049831725
73.892320427
73.8792322042
73.86552352
73.8510256157
73.8353825923
73.8178916109
73.7983088035
73.7758239936
73.7497986147
73.7194035157
73.6833096959
73.6401513325
73.5885070348
73.5271790046
73.4559154887
73.3701506303
73.270549892
73.1586634329
73.0344165016
72.9026134996
72.7666877847
72.6280812366
72.4966107871
72.3681937242
72.2596550311
72.1624730665
72.067150753
71.9926836949
71.9080684679
71.8500327472
71.7675931528
71.7075965872
71.6205586953
71.504773627
71.3735770863
71.2552000129
71.114881598
70.9935554605
70.8696683243
70.7649042218
70.6093543947
70.5141710526
70.3866020742
70.2248460781
70.0612493011
69.8961169037
69.7524537665
69.5598063564
69.3720905862
69.1435043361
68.9344159255
68.7031095979
68.5449111648
68.2950299367
68.0296903422
67.8720263545
67.6766117943
67.4440214564
67.2664560029
67.0590539558
66.9321011044
66.7179173087
66.7028959252
66.5313376991
66.4734238304
66.4991466733
66.4688748533
66.3665481583
66.4064960052
66.3035696704
66.1635670656
66.1664268316
66.022018781
66.0087797816
65.9346119448
65.8296307475
65.4534898665
65.5090079
65.3075137163
65.283307215
65.2298084419
64.8815036919
65.0753335514
65.2387442006
64.9739286413
64.9210976603
64.7673723318
64.9384350828
64.660608675
64.7057049467
64.667903375
64.7109169099
65.0445620929
65.3369637089
65.3706673255
65.3251073983
65.2682424963
65.2039869907
64.8708036934
65.2182259397
64.7951842975
65.178792221
66.2033788906
64.8211898251
65.1382294208
65.5658556916
65.811687884
65.0484194036
66.0428118844
67.299212136
66.2147497654
67.2301311941
66.3714528663
66.1488510227
65.8844010455
66.7103178906
65.8610003711
65.9970547993
66.2592246454
66.5400411471
66.962331692
65.4872297209
66.3415936728
66.6346532727
65.4382562216
65.5577769566
65.7816636178
66.1438132837
65.7491096018
65.7104683426
65.9270853334
65.3552828343
66.1932369782
66.9956912454
66.2483549527
65.3340049181
65.8213922544
65.9904196615
65.3138548607
65.977862379
67.0679107913
66.7950451192
68.172190194
67.0292429253
67.2379071292
67.3177614656
67.0941507114
67.9695875037
67.2733140233
67.0970429045
67.5355677761
66.8824876352
65.0304245478
65.4907915621
65.5632306013
65.5116751193
65.9389379556
66.3079368259
65.7902399428
65.6569022528
65.5019136954
66.8659689186
64.7756620252
65.6977026252
67.2530444438
67.6983757825
67.2276971215
67.6083165265
67.1719497522
67.2934589325
66.7827942129
67.7378491951
67.0322295631
67.1214934155
67.951235414
67.2033611722
66.7922780792
67.1882515621
67.3521669787
67.0179175015
67.4484290033
67.7166267519
67.7693257504
66.8826885512
66.9530881636
67.4549850436
67.3427290305
66.6852536917
66.8507696882
67.6650142086
67.2575390891
68.0248011137
67.3801049721
67.4994964601
67.516980449
67.5200337731
67.2928672932
68.2755943291
67.3076236432
67.7712389133
67.5339767051
66.7970910966
68.0884296206
67.8475783177
67.4610405688
67.4062379616
67.5338069087
68.3668698748
67.4402443064
68.3338436253
67.2821616532
67.3945588258
67.4787846805
67.6654407017
67.0392390149
67.610352157
67.3824662346
67.8039550215
67.3071288771
67.0892313372
68.1412623276
67.2516049353
68.328968843
67.7380299682
67.3382711334
67.659601709
66.9899152934
68.0343464948
68.3170599695
67.1013622302
67.8078072541
67.3256491808
68.5367580424
68.9459588567
68.0133982894
68.5714056446
68.058105315
68.5714056446
68.558783692
68.058105315
68.5311112542
69.1185242179
68.0915620149
68.5488377267
68.0731600493
68.3711672149
68.2196840557
67.7663308525
68.0143411061
68.7415587237
67.9629098481
68.4611596926
68.0192960096
68.0655242784
67.9140411193
68.3155742537
68.6665026422
68.3585452622
67.87987173
68.3820559968
68.4435466783
68.0076168737
68.4435466783
68.0867205695
67.8737105708
67.9478593629
68.2920635191
68.0076168737
67.4141559427
68.2120170067
68.3046854717
67.7348493643
67.0421447213
67.1926850638
67.1086264645
66.5514123096
66.4799756629
66.8882330297
66.6567033581
67.1726796751
66.8746682604
66.8081865172
66.8081865172
66.8081865172
66.8746682604
67.0261514195
66.8620463077
67.0261514195
67.0926331626
67.3527787194
67.0926331626
67.0261514195
67.4318824152
67.08001121
66.8081865172
67.0261514195
67.2129746962
67.08001121
66.8746682604
66.8746682604
67.6362825481
66.4513604084
67.7289510132
66.7231851012
67.08001121
67.3644578554
67.1591149057
67.2255966489
66.9411500035
67.2979761123
66.8746682604
67.1338710005
67.3644578554
66.9411500035
67.2853541596
67.3644578554
67.569800805
66.9537719561
67.1464929531
66.9285280508
67.1591149057
67.8542474504
67.0397168196
67.7086620115
67.0926331626
66.995009794
67.6809895738
67.7474713169
67.5295064146
67.324163465
67.7348493643
67.324163465
67.7474713169
67.8863325234
67.1061985627
67.4630246715
67.8863325234
67.3367854176
67.5295064146
67.6683676211
67.5959881577
67.6809895738
67.3115415123
67.7600932695
67.4504027189
67.5295064146
67.6809895738
66.8882336604
67.8863325234
67.4756466241
67.3115415123
67.8863325234
67.5295064146
67.3115415123
67.5295064146
67.5421283673
67.6809895738
67.1659560735
67.5959881577
67.6145078307
67.0397168196
67.5295064146
67.8863325234
67.516884462
67.7474713169
67.1188205153
67.5295064146
67.8198507803
66.9008556131
67.3115415123
67.7474713169
67.8863325234
67.5421283673
67.7348493643
67.2450597692
67.81395306
67.2576817219
67.6683676211
67.4032671607
67.6683676211
67.2450597692
67.9528142665
67.0397168196
67.7474713169
67.2450597692
67.6809895738
67.5959881577
67.4630246715
67.5959881577
67.7474713169
67.0397168196
66.83437387
67.8863325234
67.9401923139
67.6086101104
67.2450597692
67.5295064146
67.0523387722
67.7474713169
67.5295064146
67.7474713169
67.7474713169
66.8217519173
68.2372609119
66.6290309203
67.5295064146
67.5295064146
67.9528142665
67.6683676211
67.6809895738
66.83437387
67.6809895738
67.4630246715
67.8863325234
67.2576817219
66.7678921268
67.409164881
67.0935766101
67.6809895738
67.2450597692
67.6145078307
66.7805140795
67.0397168196
67.8863325234
67.6809895738
67.1911999787
67.6683676211
66.83437387
67.4630246715
67.4630246715
67.6809895738
67.1785780261
67.6683676211
67.6809895738
66.9732350765
67.6145078307
67.0523387722
67.2450597692
68.1707791688
66.9606131238
67.0523387722
67.2576817219
68.1042974257
67.027094867
67.8198507803
67.6683676211
66.9008556131
67.4630246715
67.6683676211
67.2038219314
67.898954476
67.2989195597
67.2450597692
67.5295064146
67.6809895738
66.8217519173
67.4630246715
67.6809895738
67.6683676211
66.8217519173
67.6683676211
67.6683676211
67.0144729143
67.0397168196
67.2576817219
67.8334161804
67.846038133
68.0513810827
67.8334161804
67.6406951834
66.9868004766
68.2567240323
100.0
100.0
100.0
100.0
100.0
100.0
100.0
100.0
100.0
100.0
100.0
100.0
100.0
100.0
100.0
100.0
100.0
100.0
100.0
100.0
100.0
100.0
100.0
100.0
100.0
100.0
100.0
100.0
100.0
100.0
100.0
100.0
100.0
100.0
100.0
100.0
100.0
100.0
100.0
100.0
100.0
100.0
100.0
100.0
100.0
100.0
100.0
100.0
100.0
100.0
100.0
100.0
100.0
100.0
100.0
100.0
100.0
100.0
100.0
100.0
100.0
100.0
100.0
100.0
100.0
100.0
100.0
100.0
100.0
100.0
100.0
100.0
100.0
100.0
100.0
100.0
100.0
100.0
100.0
100.0
100.0
100.0
100.0
100.0
100.0
100.0
100.0
100.0
100.0
100.0
100.0
100.0
100.0
100.0
100.0
100.0
100.0
100.0
100.0
100.0
98.3444706948
96.8502796421
95.446063442
94.1291544403
92.8949584919
91.7389019015
90.656481903
89.6433070675
88.6951282153
87.8078616987
86.9776054671
86.2006487016
85.4734771724
84.7927747235
84.1554215893
83.558490143
82.9992390666
82.4751061727
81.9837002788
81.5227927167
81.0903081936
80.6843161974
80.3030218499
79.9447574936
79.607973903
79.2912325104
78.9931975341
78.7126288575
78.4483749918
78.1993668524
77.9646116054
77.7431870887
77.5342364856
77.3369636127
77.150628283
76.9745422848
76.8080651704
76.6506009119
76.5015947259
76.360529784
76.226924485
76.1003297663
75.9803268244
75.8665248778
75.7585591029
75.6560886969
75.5587952281
75.4663809306
75.3785671874
75.295093357
75.2157153749
75.1402046172
75.0683467469
74.9999407862
74.9347982728
74.8727423361
74.8136068427
74.75723571
74.7034821894
74.6522083517
74.6032844185
74.5565882453
74.5120048013
74.469425828
74.4287492023
74.3898787834
74.3527237577
74.3171984796
74.2832221001
74.2507182707
74.2196148639
74.189843796
74.1613406832
74.1340444569
74.1078975288
74.0828452867
74.0588360477
74.0358209155
74.0137535568
73.9925898865
73.9722883324
73.9528093449
73.9341154085
73.9161710056
73.8989422804
73.8823971067
73.8665049831
73.8512370044
73.8365656912
73.822464735
73.8089093096
73.7958756838
73.7833413917
73.7712848741
73.7596857132
73.7485246059
73.7377827236
73.7274426076
73.7174874133
73.7079008881
74.1937151201
74.2958832009
74.299873775
74.2844165274
74.2313598786
74.0111621837
73.4706155922
72.3692298808
71.0255003031
70.08001281
68.8939296316
67.6243220342
67.4757230599
63.9591919695
63.439857639
58.991506988
57.414602235
55.2662078081
53.5860731319
50.5504983918
52.1383013165
47.0075322272
50.224448566
43.7082669589
40.2563698033
42.0577228125
38.2822580141
45.3472956129
42.6398552595
38.662316093
36.0064557651
31.654548088
31.0022841542
38.4142415897
29.0067598338
30.1440619183
28.300082714
31.208943447
28.917085233
28.6603551769
22.762523573
22.7029381613
23.7388171242
24.874475044
21.5429750609
16.5959339275
16.347540188
15.1700975385
14.0512047888
13.7782431359
12.4496283582
12.1342122367
13.0847773992
14.0152357144
16.2152140386
15.1593562318
15.4910867771
13.1332932533
13.423829405
11.9597038823
10.9052708148
11.2928470511
10.4711767324
10.7238886605
10.8036348913
9.6009860594
9.48769694874
9.45728607677
9.39451516534
9.37640243471
9.40752872494
9.36246178329
9.42906046
9.30531313784
9.3102390089
9.2830645644
9.28376345937
9.26368469019
9.26564600823
9.24611876441
9.24368291436
9.22998481078
9.22715482248
9.21654616611
9.21318153742
9.2040004895
9.19946081511
9.19240912578
9.18819239126
9.18281288247
9.17867237661
9.17358859514
9.16973505229
9.1646779657
9.16125392208
9.15690940033
9.15440023796
9.14987668417
9.14662765504
9.14342054836
9.13834101005
9.13394543284
9.12976946267
9.1251591831
9.12012225611
9.11439987135
9.10798377439
9.09898756779
9.08094239896
9.03912495078
8.92087773152
8.28746745388
8.20938823823
8.17601036384
8.16291169749
8.16367567158
8.15567072995
8.15063620966
8.14611259397
8.14231850869
8.13821391083
8.1348796148
8.13158404322
8.12947553926
8.12622645049
8.12364785655
8.12141709963
8.11927714152
8.11725408995
8.1150517226
8.11334542758
8.11133122396
8.10955927625
8.10801775698
8.10616582713
8.10472379584
8.1030201119
8.10141600355
8.10026127785
8.10001076217
8.09797905861
8.09655644923
8.09516874623
8.09378435922
8.09249107578
8.09114427711
8.08994820964
8.0887520394
8.08746693427
8.08636081034
8.08517542152
8.0841780312
8.08335798935
8.08209261705
8.08098945354
8.07996485085
8.07992171963
8.07848199623
8.07752364001
8.07644229215
8.07556433076
8.07448722997
8.07362836649
8.07258052053
8.07183317811
8.0710477534
8.07003199579
8.06930541023
8.06836964906
8.06753299222
8.06673631158
8.06636399959
8.0654513481
8.06458171064
8.06387457516
8.06297507096
8.06234192609
8.06145359895
8.06079538417
8.06011661184
8.05919781475
8.05863906216
8.05778904418
8.05716345175
8.05644673726
8.05588013402
8.05554810351
8.05482305897
8.05401940357
8.05331613861
8.05275001018
8.05200450801
8.0512769104
8.05083521381
8.05006620635
8.0496462548
8.04877769256
8.04836626703
8.04763573887
8.04708716266
8.04646577879
8.04621032195
8.04546531768
8.04502254926
8.04433528697
8.04366023707
8.0430004481
8.04269943322
8.04189226295
8.04150169432
8.0408302199
8.04030917216
8.03974846687
8.03917231502
8.03872238457
8.03810372568
8.03796429974
8.03730641224
8.03659393285
8.03620662073
8.03550510592
8.03497359775
8.03439274427
8.03409865804
8.03348074973
8.03278805721
8.03248679964
8.03190915597
8.03124554176
8.03092535286
8.03028450932
8.02968516489
8.02976247889
8.02900887204
8.02840442168
8.02793312241
8.02747475156
8.02676293457
8.02622355536
8.02586725859
8.02539485967
8.02473461914
8.02412931536
8.02392934222
8.02325417636
8.02269312912
8.02206203231
8.0218070269
8.02146525087
8.02082882772
8.02025848201
8.01990284824
8.01937487736
8.0187375115
8.01808033485
8.01764739686
8.01730502733
8.01659131668
8.01601637857
8.01527021474
8.0151429717
8.0146363497
8.0139562396
8.01337226903
8.01271292268
8.01233333311
8.01204576115
8.01148545825
8.0108513765
8.01017074462
8.00954767739
8.00887431959
8.00868081505
8.00806803744
8.00746732377
8.00673187817
8.00606994645
8.00533430769
8.00510711963
8.00457324789
8.00383381809
8.0031810228
8.00245076414
8.00172822699
8.0013380332
8.00098376062
8.00032578772
7.99956539139
7.99872873568
7.99801820726
7.99726193832
7.99661056785
7.99580924438
7.99509761789
7.99434020642
7.99425817391
7.99350921487
7.99257609058
7.99170499626
7.9907844265
7.98679257576
7.98656650774
7.98636259003
7.98614237081
7.98594406065
7.98574870279
7.98555861029
7.98536754139
7.98519294545
7.9850061048
7.98482320069
7.98463766509
7.98446052963
7.98426813778
7.98410823117
7.98391632106
7.98374080871
7.98355181701
7.98354819971
7.9833515956
7.98317570752
7.98299617725
7.98279326246
7.98261687701
7.98242109896
7.98223356207
7.98206030742
7.98188510579
7.9817033663
7.98162255961
7.98149119815
7.98128556397
7.98111018467
7.98091489789
7.980732177
7.98055759281
7.98036338449
7.98022106905
7.9800364203
7.97985703449
7.97968506691
7.9796134993
7.97946157398
7.97925987009
7.97906277698
7.97888841783
7.97870766614
7.97851477902
7.97833973178
7.97814888534
7.977981663
7.97779073781
7.97762200827
7.97743441835
7.97745035829
7.97724007558
7.97706732184
7.97689657383
7.97668499224
7.97651063941
7.9763220899
7.97614333773
7.97595923062
7.97577443833
7.97557644438
7.975429367
7.97533362746
7.97522651932
7.97503264096
7.974846165
7.97465768848
7.97446315356
7.97429644113
7.97410870378
7.97392776976
7.97374575194
7.97357234202
7.97343442421
7.97323326681
7.97306770469
7.97308604801
7.97287380932
7.97267184906
7.97248710543
7.97229046746
7.97210685648
7.97192906179
7.97175407938
7.97156864835
7.97138673858
7.9712094464
7.97102812789
7.97084066631
7.97079145384
7.97065957132
7.97047148631
7.97028202084
7.97009988062
7.96990944476
7.96978182401
7.96861022811
7.9685886188
7.96856809099
7.96854750234
7.96852765805
7.96850705753
7.96848727532
7.96846839324
7.96844965059
7.96843007746
7.96841076004
7.96839108285
7.96837166583
7.96835341069
7.96833275641
7.96831473465
7.96829389306
7.96827653279
7.96825595624
7.96823775698
7.96821781596
7.96819921566
7.96817971966
7.96816047586
7.96814091561
7.96812188302
7.9681024699
7.96808410414
7.96806378986
7.96804514957
7.96802620507
7.96800759623
7.9679874744
7.96796875509
7.96794923926
7.96792995845
7.96791178495
7.96789099553
7.9678732887
7.96785296682
7.96783528647
7.96781442902
7.96779614626
7.96777730446
7.96775824732
7.96773868676
7.96771956944
7.96770041875
7.96768161863
7.96766238289
7.96764355078
7.96762352522
7.96760564156
7.96758482297
7.96756744039
7.96754723041
7.96752961947
7.96751033164
7.96749008156
7.96747295555
7.96745139423
7.96743516019
7.96741421956
7.96739619328
7.96737578093
7.96735745342
7.96733754644
7.9673193606
7.9673009952
7.96728175169
7.96726267505
7.96724381929
7.96722511712
7.96720565075
7.96720132657
7.96718565711
7.96716662196
7.96714709351
7.96712972435
7.96710916542
7.96709117074
7.96707288709
7.96705563319
7.9670350414
7.96701676362
7.96699747766
7.96697789535
7.96696043936
7.96694162559
7.96692342441
7.96691751232
7.96690209684
7.96688276154
7.96686379393
7.96684698786
7.9668265846
7.96680916445
7.96678919707
7.96677063846
7.96675162851
7.97336616671
7.97256783975
7.97160344254
7.97095677715
7.96996746437
7.9691248153
7.9681914624
7.96728346212
7.96640821218
7.96556278922
7.96470298743
7.96382007007
7.96297104992
7.96205722121
7.96246650873
7.96166695546
7.96067766303
7.95960648116
7.95873483423
7.95774547273
7.95672859156
7.95579285866
7.95492191298
7.95395121549
7.95298640778
7.95240158704
7.95134030214
7.95046498088
7.949596894
7.94938471821
7.94942831788
7.94824112725
7.94710266625
7.94604778347
7.94506183572
7.94394657042
7.94292268557
7.94192503954
7.9409362225
7.93997664095
7.93902812876
7.93798345169
7.93701937178
7.9361123156
7.93531510798
7.93423581579
7.93332034502
7.93430872758
7.9339069224
7.9329565926
7.93180142431
7.93059108786
7.92947846861
7.92847304004
7.92745010548
7.92637234488
7.92551644882
7.9244458465
7.92376336161
7.92289659893
7.92208172207
7.92102325966
7.92018351824
7.91926414884
7.91844188219
7.91739971247
7.91673976762
7.9160749125
7.9181782091
7.91787161177
7.91626426619
7.91515386747
7.91419603178
7.91300213434
7.91269758709
7.91178226471
7.91076288542
7.91000024749
7.90904810554
7.90831492628
7.90763285019
7.9066401104
7.90588535434
7.9054195045
7.90461984547
7.90387316576
7.90325687528
7.90284123888
7.90187270501
7.90110545075
7.90064082585
7.89996778575
7.90274661169
7.90321098667
7.90176867193
7.90050340345
7.89943877327
7.89883184228
7.89848477545
7.89739069354
7.89658307537
7.89613481753
7.8955608919
7.89459115581
7.8938620681
7.89320588355
7.89301570287
7.89235945432
7.89233016503
7.89134481476
7.89078695926
7.89044618972
7.88976517152
7.88930540365
7.88866186273
7.88808871157
7.88789569683
7.88711067306
7.88654593323
7.88627887315
7.89053857975
7.89143961456
7.8891395176
7.88789226627
7.88694259796
7.88718738806
7.8865121376
7.88556534962
7.88482849497
7.88416780216
7.88356457029
7.88299475634
7.8833327754
7.88320694564
7.88226808543
7.88163136727
7.88103679936
7.88058525431
7.88051665798
7.8798904685
7.87960456314
7.87903210315
7.87855502018
7.87805254911
7.87807189374
7.8774665666
7.87696809797
7.8765749865
7.87629509297
7.87584888362
7.87617773889
7.8758151492
7.88157091029
7.8806741894
7.87858396089
7.8778055149
7.87710386656
7.87671273329
7.87587931048
7.87522378489
7.87467943609
7.87411925213
7.87364414392
7.87373578079
7.87378756359
7.8731271688
7.87251532326
7.87198008906
7.87153442791
7.87103481755
7.87064739528
7.87026466483
7.87023281156
7.86971547835
7.8695254582
7.86894350732
7.86850098264
7.86820267881
7.86829924881
7.8676703863
7.86767529846
7.86713295932
7.86674762961
7.86640984476
7.86623968998
7.86592097575
7.8658606866
7.8652704171
7.85944335818
7.85193537143
7.84823877676
7.84643131314
7.84514064468
7.84457516081
7.84389106917
7.8432326713
7.84230066263
7.84139280926
7.8406664597
7.83997910412
7.82910959691
7.826692176
7.82529904033
7.8246257336
7.82428235647
7.82305299635
7.82218345751
7.82140981966
7.82064131929
7.81990115183
7.82003777565
7.81923397175
7.81840014993
7.81783318748
7.81729961969
7.81799363337
7.81668769746
7.81572504493
7.81507453745
7.81436112655
7.81384533822
7.81321380945
7.82644003504
7.82324164126
7.81788982392
7.81703388977
7.81637493092
7.81673931538
7.8147622884
7.81371925324
7.81326132542
7.8126527474
7.81169968313
7.81100726677
7.81038293232
7.80961239384
7.80898259339
7.80844101004
7.80903403566
7.80820770283
7.8069592812
7.80628993093
7.80560970294
7.80493829344
7.80431516065
7.80373320167
7.80321814332
7.80348470497
7.8036465904
7.80260313027
7.80170361543
7.80174227628
7.80060643055
7.79991209816
7.79936050934
7.79889935436
7.79923530319
7.81521298947
7.81185981376
7.80337689688
7.79796472534
7.79454790409
7.79336382458
7.7920889447
7.79068602089
7.79040810427
7.78827325131
7.78715467869
7.78611986325
7.78491031212
7.7839149698
7.78289032943
7.78229044192
7.78092881159
7.78085880145
7.78180565509
7.77916589993
7.77780248717
7.77725028865
7.77580545465
7.77509109929
7.77383875016
7.7734511012
7.77362919418
7.77195431761
7.77107204777
7.76991128828
7.7683060388
7.76806627352
7.76791072254
7.76644963453
7.76431188474
7.76450135673
7.79165355685
7.78677649313
7.77025740228
7.77381592923
7.76513857408
7.76848656644
7.76252619884
7.76675446543
7.75975794299
7.76296334
7.75602662514
7.76213758821
7.75473682171
7.76030938218
7.74916885512
7.76147276847
7.74701602038
7.75826993103
7.74054591897
7.76131657378
7.73552339939
7.76587375722
7.7281614119
7.7679677664
7.72393161653
7.76486459698
7.71974060699
7.76642778776
7.71505684283
7.76285740407
7.71226770999
7.76358704027
7.75521552082
7.80703213352
7.74552395788
7.72481903149
7.73500140766
7.72559450016
7.73227138103
7.71413627395
7.73533937814
7.70641637715
7.74358357695
7.69561681664
7.75130438198
7.69256090146
7.7387069237
7.68375085998
7.74380212571
7.68265807876
7.73616572285
7.67283608744
7.73715249376
7.66945599795
7.73290975861
7.66783467866
7.72767284642
7.65868936416
7.72914920489
7.73843349329
7.88889248847
7.78161015257
7.71144567432
7.67563704914
7.69349250504
7.65978218729
7.67634124195
7.64306565359
7.69149931728
7.63619327242
7.71439025866
7.63713798404
7.67617196407
7.6142614451
7.70661083324
7.62518104958
7.67527530128
7.59672296819
7.6830905162
7.6070455252
7.66948619262
7.58637611599
7.77544534214
7.90492896055
9.97685082129
10.0951356533
8.96153549813
16.7930826459
34.0188838699
35.4297056662
35.7054277408
38.5347643797
32.5405822199
34.2573465727
24.9307244382
32.0176659102
30.8732964039
29.934789999
32.2507940745
25.7403198591
24.6093307706
22.3771183916
21.0399591456
24.0924933137
21.2822815725
17.3249442981
12.1504432544
12.0858751443
12.9304176785
11.1726274799
11.135533814
11.2708863014
11.3606325005
11.7802898696
11.1856428817
10.9127122669
13.9127127236
12.7715852525
13.3867445723
15.8310504302
15.9764854752
14.6283809522
17.4777215777
20.9931388466
23.0904728497
17.5717002337
14.9068545382
16.7183403911
15.3775936138
16.3229790617
15.186889774
15.4822632816
20.3494746096
16.7452878035
14.6567455874
15.9421299054
16.1146447357
17.4100126836
14.2649846507
16.6875425337
11.3201826108
11.0776385767
11.0730664002
11.0668244927
11.1367328336
11.4695584641
12.3117271657
11.3365882271
11.8689965822
11.863604638
11.8588807668
11.8545081272
11.8502437963
11.846044112
11.8418759598
11.8377145887
11.8335384856
11.8293275907
11.8250605521
11.8207111567
11.816241232
11.8115843716
11.8066013373
11.8009302292
11.7936847208
11.7762276575
12.4078124191
11.3689524368
10.920117621
11.0587813106
11.3529946125
10.8846760964
10.8042609493
10.7893394886
10.778565045
10.7724829918
10.7667299815
10.7611638188
10.7556132502
10.7500432423
10.7445749945
10.7392225004
10.7339807561
10.7287935087
10.7236241272
10.7185504494
10.7135526373
10.7086043136
10.7037966321
10.6989522283
10.694330136
10.6896066795
10.6851477817
10.6806140473
10.6763160471
10.6720323293
10.6679210242
10.6639007484
10.6600107819
10.65624203
10.6525861742
10.6490471896
10.6456090891
10.6422720319
10.6390380818
10.6359441978
10.6329277028
10.6377188738
10.635672301
10.6339308308
10.6325510454
10.6314823139
10.6305977123
10.6297770749
10.629003906
10.6282748873
10.6275245829
10.6268135055
10.6261324885
10.6254798976
10.6248583687
10.6242565481
10.6236758605
10.6231276376
10.6225756896
10.6220556508
10.6215487493
10.6210601118
10.6205796908
10.6201088581
10.6196500927
10.6191994447
10.6187566741
10.6183205213
10.6178901679
10.617468006
10.6170470279
10.616627574
10.6162142497
10.6158024913
10.615394427
10.6149890571
10.6145873631
10.6141893192
10.6137997629
10.6134084943
10.6130215891
10.6126322271
10.6122444648
10.6118488658
10.6114475345
10.611032263
10.6106062818
10.6101625439
10.6096968755
10.6092147764
10.6087036369
10.6081738527
10.6076057533
10.6070288204
10.6063606346
10.6057644327
10.6049502903
10.6043713079
10.6032554842
10.6029719214
10.6010205187
10.6022193457
10.5967537155
10.6059798879
10.5853038369
10.6403452956
10.5876181641
10.5841474435
10.6175420904
10.5700158063
10.6519263632
10.5881146375
10.5611308529
10.6737294871
10.6003786939
10.5660617355
10.5656663493
10.5892834503
10.5388216004
10.7206805059
10.6177405989
10.5808738509
10.5402383797
10.5520557822
10.5285863204
10.6118380417
10.5155912086
10.5434774666
10.4926872802
11.1137640442
10.9156716025
10.5775770618
10.5230769139
10.5507876687
10.4741470656
10.8861574698
10.7515013227
10.6471227579
10.6260831247
10.6091896818
10.5930319558
10.5742055073
10.5485340182
10.510756824
10.4928493634
10.5505420513
10.4617245709
10.5403845309
10.4402591985
10.5117187536
10.3998089525
10.0191886625
9.8258455747
9.71304073743
9.89919854435
9.73824768475
9.63071738162
9.96068285283
9.88371789691
9.71876358278
9.89636169113
9.77886626868
9.65779690799
9.58977556887
9.7136707866
9.63853063417
9.53125292812
9.56526797572
9.51065863062
9.57320021574
9.62293223007
9.95008460468
9.47868345688
9.42781957653
9.45546376486
9.44518131574
9.42277773294
9.42670385064
9.48797434869
9.94985195142
9.73105867554
9.5950160643
9.43927470192
9.33971952446
9.31108499592
9.33090808034
9.42783874156
9.32534951074
9.32809133091
9.42717118114
9.3305667676
9.396559132
9.4287120736
9.3646984203
9.29063351386
9.31360081221
9.26858845313
9.27727767829
9.32277759652
9.25837478484
9.30107139003
9.43181119037
9.30455415236
9.21758266941
9.22103984579
9.22405311577
9.26401041241
9.20615783014
9.2249760708
9.25897057032
9.1994564954
9.21558343341
9.25112195482
9.18980054283
9.19965384812
9.22618815935
9.18084553891
9.20123126959
9.21609896384
9.1730722575
9.17858895265
9.1931666273
9.16252358664
9.1676353073
9.17142942788
9.1555294049
9.15710937309
9.15347404285
9.1593959016
9.14843823655
9.15292987488
9.14578173615
9.15264973009
9.14071972728
9.14272192872
9.13971000373
9.1479936458
9.13633142516
9.13878350198
9.13399419948
9.13591919091
1021.47002502
977.379889398
985.406269997
952.383080823
968.560756412
937.621466077
958.135281934
930.374046218
952.946688764
946.024299408
951.621282364
957.184662995
955.636439377
948.855212067
943.622254268
934.197697257
929.469490439
941.359551263
924.868266542
930.134483766
933.024235693
929.826184681
914.209185948
920.327155545
920.61514148
918.165635362
918.428844942
935.135263509
928.615878821
933.690236069
915.859252563
929.076978734
934.552150327
916.544327001
917.967762531
914.153208109
897.402148654
898.77110058
890.74328555
895.34085204
913.017233894
920.101481537
914.856262522
914.503297499
914.884320588
895.357731975
892.096438074
894.420787871
898.376089454
895.685615887
905.192381548
904.98313689
900.949736008
889.91021674
895.406357063
889.871147431
884.001716128
879.280422543
881.936569042
877.037834931
861.769382842
852.850684995
853.048782907
842.413674488
846.052428548
857.158853514
900.357817187
858.703124399
874.361986054
859.137055122
853.514718308
831.980246593
841.925067685
834.319213361
848.466662896
842.865005916
859.689941937
856.859701938
839.034886578
845.262648551
834.534461058
840.856523709
829.387640339
838.982820623
828.463573302
821.453425923
825.13112687
831.240925642
819.257096522
822.793746076
828.185531299
830.480632611
816.596640156
821.395052589
806.579568069
795.674015552
796.943980727
792.584696802
803.008574731
792.200845067
757.32266893
749.604265428
740.502183767
715.452892478
692.111665557
683.836215114
672.662320342
655.842506996
639.580881103
650.962586668
645.908395042
631.167917016
639.634565655
636.603736413
629.954414043
616.716486788
631.983308419
618.805809117
602.170661611
609.311847208
609.190244836
601.952724899
602.276612565
600.423322955
595.501044965
595.778242519
598.030482115
596.956619976
592.57267131
595.904412315
593.08542494
590.117825532
596.45746674
591.792861384
591.133219986
595.216542077
586.09605571
590.578960576
591.860918827
594.430428067
584.18170163
588.628965474
596.006303344
585.800181691
585.551048969
592.795310893
579.596958601
579.330738798
584.678416494
586.908642817
583.174513088
590.72937466
575.516965302
585.413323452
580.830473468
589.06700467
592.483591229
589.522375688
580.942894493
580.855094467
581.591881366
586.286489405
578.152266555
577.611030008
574.29514956
580.94146209
574.421981412
583.534056448
582.395052277
588.001493868
600.491985335
585.655702146
583.284686607
582.645523024
582.640971072
588.938477944
582.196733936
589.348307296
581.020481398
580.928107496
587.304905965
585.852751097
582.374187889
583.527598111
585.590897465
577.496265323
572.511112249
576.195507995
575.164513325
578.83396895
579.937996026
569.649877404
582.549798485
588.170123025
576.343411891
576.522416308
564.946229094
563.828434627
563.560675725
571.560402557
544.180118724
531.96795668
525.280587669
519.981917346
516.924560249
514.59089395
513.183586941
511.952118195
511.101844522
510.353670859
509.623177625
509.037555389
508.456250742
507.947988083
507.561386574
507.310383111
506.925241931
506.615855347
506.257218017
505.946919782
505.526056488
505.249048437
504.95311981
504.758619524
504.634446989
504.376506112
504.165925787
504.023712233
503.812155283
503.683312053
503.580969713
503.371175538
503.221670157
503.104965258
502.997980924
502.856334841
502.769995669
502.679944586
502.555988212
502.490202044
502.180291671
501.936598807
501.520568936
501.362612587
501.111244125
500.951897486
500.769830621
500.794657559
500.603152921
500.606037218
500.543774664
500.30892008
500.213130826
500.062241891
499.747840464
499.483792894
499.005806844
499.001252657
498.712296387
498.60431679
498.517248366
498.380298463
498.267694958
498.108641049
498.032042635
498.051580188
497.819824372
497.978817478
497.750507165
497.675561785
497.591969523
497.479528098
497.39691368
497.300081214
497.259293942
497.296046622
497.124017516
497.136456768
497.084879661
497.020138001
497.001529628
496.959255201
496.890384569
496.9114567
496.815019214
496.822238414
496.815765868
496.715896257
496.757653215
496.738372642
496.60954893
496.664361267
496.626598628
496.595948293
496.543913351
496.573102426
496.481049902
496.54137516
496.504414265
496.511364395
496.743597167
495.606846562
495.243075956
495.429586757
495.103621971
495.167953895
495.134974578
495.083111744
494.904339892
494.921353388
494.991704349
494.853475343
494.940944257
494.795502219
494.763198925
494.82981603
494.755374065
494.798520887
494.881673519
494.699654287
494.688085367
494.707805716
494.729351561
494.678628873
494.638564213
494.663465725
494.74742757
494.717106129
494.615952443
494.618506725
494.589604222
494.52769034
494.734429534
494.56248559
494.504907
494.549737898
494.529464725
494.515854124
494.453976685
494.438420221
494.498862554
494.611388171
494.455545029
494.339498966
494.235180362
494.157965768
493.86992801
493.924345819
493.92780628
494.00550309
493.854742432
493.767359802
493.913967249
493.80492053
493.828467396
493.929221879
493.88936042
493.763551321
493.768634689
493.960629491
493.728009977
493.67236386
493.787824406
493.855645041
493.790988788
493.618750208
493.738153365
493.764067734
493.518169524
493.69995309
493.950419706
493.620006501
493.622489165
493.669329753
493.840100352
493.584720079
493.516684679
493.734111552
493.741035944
493.574540997
493.568177157
493.65262746
493.614108723
493.417132934
493.533799188
493.804445247
493.565696475
493.472689232
493.592286886
493.672686713
493.497902789
493.454460171
493.492441906
493.737070581
493.478559647
493.513973876
493.489126368
493.615760677
493.50138409
493.341747098
493.629097347
492.949495055
493.120584525
493.100723726
493.001854964
493.009769318
493.013543498
493.05276678
492.971265356
492.972084668
493.134911368
492.91629474
492.999073811
492.927618723
493.116675587
492.940671855
492.856616244
492.856254239
493.02431604
493.004517378
493.056389399
492.825371924
492.891752829
492.927766296
492.946657103
492.772321137
492.905415151
493.00161073
492.900660154
492.854349147
492.798146995
493.017825448
492.982714909
492.825442814
492.822806659
492.889571294
492.785616516
492.700863322
493.028042416
492.860859426
492.753433434
492.749493857
492.940322137
492.756372069
492.841450166
492.683174116
492.92459828
492.691922974
492.860503345
492.706299294
492.847589053
492.729732986
492.750591924
492.633164116
492.893819019
492.742876253
492.722582456
492.712737249
492.905451358
492.673427161
492.753200609
492.623246973
492.788208789
492.667356823
492.794023219
492.567316413
492.810335597
492.699376635
492.676756999
492.562876977
492.745783033
492.639101487
492.726492487
492.527203906
492.597411161
492.764241777
492.627438176
492.550032379
492.573913868
492.744999124
492.649353905
492.57709265
492.684402237
492.634063016
492.602183892
492.51956592
492.604296137
492.63055525
492.473396388
492.527114043
492.495112707
492.70186522
492.460955332
492.624271504
492.723400325
492.531129842
492.392229999
492.600799726
492.599535714
492.36293762
6.86018307888
6.82102113525
6.79946649393
6.77869777517
6.75868170208
6.7393873251
6.72078578729
6.70285011359
6.68555502209
6.66887677623
6.65279301653
6.63728261988
6.62232555372
6.60790280413
6.59399623893
6.58058854864
6.56766315127
6.55520413306
6.54319617646
6.53162452596
6.52047492452
6.50973358215
6.49938713946
6.48942263993
6.47982750106
6.47058949657
6.46169673581
6.45313765036
6.44490097564
6.43697575468
6.42935130249
6.4220172267
6.41496340167
6.40817997852
6.40165735996
6.39538621174
6.38935747048
6.38356229676
6.37799211907
6.37263861338
6.36749368891
6.36254950419
6.35779844139
6.35323313551
6.34884643986
6.34463143221
6.34058143322
6.33668995524
6.33295076194
6.32935779225
6.32590522466
6.32258742418
6.31939896402
6.31633460901
6.31338931105
6.31055822571
6.30783665871
6.30522012918
6.30270429233
6.30028500326
6.2979582537
6.29572020402
6.2935671674
6.29149560035
6.28950210307
6.28758341822
6.28573641919
6.28395809826
6.28224559003
6.28059613435
6.27900709751
6.27747594147
6.27600026012
6.27457772274
6.27320611366
6.27188330535
6.2706072642
6.26937605585
6.26818780756
6.26704074541
6.26593315633
6.26486342748
6.26382998687
6.26283135234
6.26186609442
6.26093286092
6.26003032965
6.25915729415
6.25831252419
6.25749489978
6.25670332749
6.25593677916
6.25519424192
6.25447478955
6.25377749957
6.25310149906
6.25244596321
6.25181009211
6.25119314844
6.2505943791
9.0044033542
8.85006211543
8.70416483933
8.56668196271
8.4372658939
8.31554978368
8.20115635301
8.09370427566
7.99281292543
7.89810712915
7.80922115182
7.72580137421
7.64750830497
7.57401746944
7.5050199762
7.44022396949
7.3793539834
7.32215098087
7.26837202271
7.21778968408
7.17019143018
7.12537892343
7.08316728883
7.04338435951
7.00586992207
6.97047496469
6.93706094482
6.90549909317
6.87566974308
6.8474616902
6.82077158973
6.79550338955
6.77156781023
6.74888181434
6.72736817967
6.70695505745
6.68757557331
6.66916745759
6.65167270317
6.63503726193
6.61921071961
6.60414604366
6.58979934529
6.57612963907
6.56309863131
6.55067052428
6.53881183542
6.52749123068
6.51667937137
6.50634877223
6.49647366736
6.48702989069
6.47799476675
6.46934700568
6.46106660781
6.45313477545
6.44553383105
6.43824714313
6.43125905326
6.42455481382
6.41812052742
6.41194309118
6.40601014508
6.40031002409
6.39483171371
6.38956480866
6.38449947448
6.37962641186
6.37493682343
6.3704223828
6.36607520585
6.36188782384
6.35785315846
6.35396449846
6.35021547792
6.3466000559
6.34311249751
6.33974735613
6.33649945681
6.33336388082
6.33033595107
6.32741121853
6.32458544951
6.3218546137
6.31921487296
6.31666257088
6.31419422285
6.31180650685
6.30949625473
6.30726044408
6.30509619048
6.30300074033
6.30097146403
6.29900584958
6.29710149653
6.29525611034
6.29346749697
6.29173355789
6.29005228527
6.28842175748
9.00085490736
8.84668713386
8.70098479413
8.56368761458
8.43444779649
8.31289911218
8.1986644561
8.09136169265
7.99061060975
7.89603673344
7.80727483427
7.72397161296
7.6457876612
7.5723988073
7.50349695049
7.43879047822
7.37800435046
7.32087995589
7.26717466759
7.21666135421
7.16912781021
7.12437597885
7.08222119401
7.04249152386
7.00502698335
6.96967878987
6.93630868415
6.90478800541
6.87499727141
6.84682545048
6.82016935774
6.79493309005
6.7710274955
6.74836967791
6.72688253833
6.70649433874
6.68713830601
6.66875226652
6.65127830291
6.63466243756
6.61885434066
6.60380706049
6.58947677451
6.57582255963
6.56280618022
6.55039189258
6.53854626452
6.52723800888
6.51643783
6.50611828196
6.49625363773
6.48681976839
6.47779403154
6.46915516822
6.46088320766
6.45295937914
6.44536603054
6.43808655295
6.43110531082
6.42440757731
6.41797947444
6.41180791744
6.40588056331
6.40018576298
6.39471251691
6.38945043386
6.38438969256
6.3795210061
6.37483558874
6.37032512504
6.36598174117
6.36179797808
6.35776676656
6.35388140395
6.35013553242
6.34652311864
6.34303843491
6.33967604136
6.33643076945
6.33329770647
6.33027218101
6.32734974944
6.32452618312
6.32179745654
6.31915973612
6.31660936971
6.31414287678
6.31175693913
6.30944839227
6.3072142172
6.30505153278
6.3029575885
6.30092975769
6.29896553111
6.29706251096
6.29521840519
6.29343102214
6.29169826552
6.29001812963
6.2883886949
6.29582506115
6.29801614266
6.29652668772
6.29508062133
6.29367642492
6.29231264201
6.29098787525
6.28970078371
6.28845008025
6.28723452908
6.28605294338
6.2849041831
6.28378715285
6.28270079988
6.28164411221
6.2806161168
6.27961587784
6.27864249513
6.27769510253
6.27677286645
6.27587498452
6.27500068417
6.27414922144
6.27331987972
6.27251196862
6.27172482285
6.27095780122
6.2702102856
6.26948167999
6.26877140962
6.26807892008
6.26740367647
6.26674516268
6.26610288055
6.26547634924
6.26486510448
6.26426869796
6.26368669667
6.26311868233
6.26256425079
6.26202301153
6.26149458708
6.26097861257
6.2604747352
6.25998261386
6.25950191859
6.25903233025
6.25857354008
6.25812524929
6.25768716874
6.25725901856
6.25684052782
6.25643143417
6.25603148359
6.25564043005
6.25525803521
6.2548840682
6.25451830529
6.25416052969
6.25381053126
6.25346810632
6.2531330574
6.25280519302
6.25248432749
6.25217028073
6.25186287804
6.25156194994
6.251267332
6.25097886464
6.25069639299
6.25041976673
6.25014883993
6.24988347091
6.24962352209
6.24936885987
6.24911935448
6.24887487988
6.24863531361
6.24840053669
6.24817043352
6.24794489173
6.24772380212
6.24750705855
6.24729455781
6.24708619957
6.24688188626
6.246681523
6.24648501752
6.24629228004
6.24610322325
6.24591776219
6.24573581419
6.24555729881
6.24538213776
6.24521025484
6.24504157587
6.24487602863
6.24471354283
6.24455404999
6.24439748345
6.23889027068
6.22991826711
6.22832528133
6.22710277195
6.22614948816
6.2253961783
6.22479416902
6.22430843646
6.22391326997
6.22358947396
6.22332250894
6.22310122373
6.22291697068
6.22276297612
6.22263388483
6.22252542606
6.22243416571
6.22235732068
6.22229261845
6.22223819022
6.22219248876
6.22215422497
6.22212231845
6.22209585877
6.22207407485
6.22205631065
6.2220420057
6.2220306794
6.22202191828
6.22201536558
6.22201071271
6.22200769214
6.22200607153
6.22200564876
6.2220062478
6.22200771519
6.22200991704
6.22201273647
6.22201607146
6.22201983292
6.22202394312
6.22202833424
6.22203294717
6.22203773045
6.22204263934
6.222047635
6.2220526838
6.2220577567
6.22206282867
6.22206787825
6.2220728871
6.22207783964
6.22208272272
6.2220875253
6.22209223825
6.22209685408
6.22210136673
6.22210577143
6.22211006451
6.22211424329
6.2221183059
6.22212225124
6.22212607884
6.22212978877
6.2221333816
6.22213685829
6.22214022015
6.2221434688
6.22214660609
6.22214963408
6.22215255501
6.22215537125
6.22215808529
6.22216069968
6.22216321707
6.22216564011
6.22216797152
6.22217021399
6.22217237026
6.222174443
6.2221764349
6.22217834862
6.22218018676
6.2221819519
6.22218364656
6.22218527323
6.22218683431
6.22218833219
6.22218976916
6.22219114748
6.22219246933
6.22219373684
6.22219495206
6.22219611701
6.22219723361
6.22219830375
6.22219932925
6.22220031185
6.22220125327
6.22220215513
6.22222081529
6.22222081904
6.2222208228
6.22222082656
6.22222083032
6.22222083409
6.22222083787
6.22222084165
6.22222084543
6.22222084921
6.222220853
6.22222085679
6.22222086059
6.22222086438
6.22222086818
6.22222087199
6.22222087579
6.2222208796
6.2222208834
6.22222088721
6.22222089103
6.22222089484
6.22222089865
6.22222090247
6.22222090628
6.2222209101
6.22222091392
6.22222091774
6.22222092155
6.22222092537
6.22222092919
6.22222093301
6.22222093682
6.22222094064
6.22222094446
6.22222094827
6.22222095209
6.2222209559
6.22222095971
6.22222096352
6.22222096733
6.22222097114
6.22222097495
6.22222097875
6.22222098255
6.22222098635
6.22222099015
6.22222099395
6.22222099774
6.22222100153
6.22222100532
6.2222210091
6.22222101289
6.22222101666
6.22222102044
6.22222102421
6.22222102798
6.22222103175
6.22222103551
6.22222103927
6.22222104303
6.22222104678
6.22222105053
6.22222105427
6.22222105801
6.22222106175
6.22222106548
6.2222210692
6.22222107293
6.22222107664
6.22222108036
6.22222108407
6.22222108777
6.22222109147
6.22222109516
6.22222109885
6.22222110253
6.22222110621
6.22222110989
6.22222111355
6.22222111722
6.22222112087
6.22222112453
6.22222112817
6.22222113181
6.22222113545
6.22222113908
6.2222211427
6.22222114632
6.22222114993
6.22222115353
6.22222115713
6.22222116072
6.22222116431
6.22222116789
6.22222117146
6.22222117503
6.22222117859
6.22222118215
6.22222118569
6.75919845289
6.73242245718
6.7140605473
6.696385213
6.67936912205
6.66298648641
6.64721291924
6.63202530669
6.61740169293
6.60332117757
6.5897638243
6.57671057953
6.56414320041
6.552044191
6.54039674594
6.52918470077
6.51839248821
6.50800509967
6.49800805141
6.48838735492
6.4791294907
6.47022138537
6.46165039141
6.4534042692
6.44547117121
6.4378396278
6.43049853454
6.42343714074
6.41664503899
6.4101121556
6.40382874169
6.39778536489
6.39197290146
6.38638252885
6.38100571841
6.37583422849
6.37086009759
6.36607563768
6.36147342762
6.35704630666
6.35278736792
6.34868995202
6.34474764066
6.34095425027
6.33730382563
6.3337906336
6.33040915679
6.32715408735
6.32402032075
6.3210029496
6.31809725761
6.31529871347
6.31260296497
6.31000583307
6.3075033061
6.3050915341
6.30276682317
6.30052563
6.29836455648
6.29628034442
6.29426987042
6.29233014085
6.29045828691
6.2886515599
6.28690732658
6.28522306462
6.28359635827
6.28202489409
6.28050645684
6.27903892551
6.27762026945
6.27624854468
6.27492189027
6.27363852488
6.27239674342
6.27119491384
6.27003147398
6.26890492867
6.26781384676
6.26675685842
6.26573265249
6.26473997389
6.26377762121
6.26284444435
6.26193934226
6.26106126081
6.26020919069
6.25938216545
6.25857925958
6.25779958673
6.25704229793
6.25630657996
6.25559165375
6.25489677283
6.25422122191
6.25356431549
6.2529253965
6.25230383505
6.25169902723
6.25111039392
9.0046600379
8.85031029787
8.70440546734
8.56691405622
8.43748839311
8.31576223809
8.20135843746
8.09389562924
7.99299352074
7.89827728226
7.80938141651
7.72595223817
7.64764998443
7.57415014306
7.50514442187
7.44034066687
7.37946341013
7.32225365012
7.268468417
7.21788025437
7.17027659658
7.12545909828
7.08324283926
7.04345561774
7.00593719227
6.97053852597
6.9371210579
6.90555600066
6.8757236687
6.8475128402
6.82082015425
6.79554954389
6.77161170486
6.74892359936
6.7274079937
6.70699302842
6.68761181934
6.66920208802
6.65170582158
6.6350689508
6.61924105869
6.60417511503
6.58982722432
6.57615639561
6.56312433022
6.55069522576
6.53883559545
6.52751410132
6.51670140046
6.50637000305
6.49649414089
6.48704964655
6.47801384193
6.46936543475
6.4610844231
6.45315200722
6.44555050786
6.4382632907
6.43127469646
6.42456997613
6.41813523091
6.41195735659
6.40602399193
6.40032347076
6.39484477754
6.38957750597
6.3845118207
6.37963842155
6.37494851035
6.37043375997
6.36608628558
6.36189861781
6.3578636777
6.35397475346
6.35022547862
6.34660981176
6.34312201748
6.33975664873
6.33650853016
6.33337274264
6.3303446087
6.32741967898
6.32459371946
6.3218626995
6.31922278071
6.31667030637
6.31420179163
6.31181391422
6.30950350577
6.30726754363
6.30510314319
6.30300755065
6.30097813622
6.29901238773
6.29710790457
6.29526239203
6.29347365589
6.29173959754
6.29005820908
6.28842756866
6.28684583653
6.28531125088
6.28382212411
6.28237683921
6.28097384637
6.2796116598
6.27828885471
6.27700406439
6.27575597753
6.27454333566
6.27336493069
6.27221960257
6.27110623716
6.27002376413
6.26897115494
6.26794742103
6.26695161203
6.26598281403
6.26504014802
6.26412276835
6.26322986129
6.26236064361
6.26151436134
6.26069028847
6.25988772575
6.25910599963
6.2583444611
6.25760248473
6.25687946764
6.2561748286
6.25548800716
6.25481846274
6.25416567388
6.25352913744
6.25290836788
6.25230289654
6.25171227098
6.25113605434
6.25057382472
6.2500251746
6.24948971028
6.24896705135
6.24845683015
6.24795869133
6.24747229134
6.24699729801
6.24653339009
6.24608025686
6.24563759774
6.2452051219
6.24478254792
6.24436960342
6.24396602472
6.24357155657
6.24318595179
6.24280897102
6.2424403824
6.24207996135
6.24172749027
6.24138275829
6.24104556107
6.24071570055
6.24039298471
6.24007722739
6.23976824807
6.23946587169
6.23916992845
6.23888025363
6.23859668742
6.23831907475
6.23804726514
6.23778111253
6.23752047516
6.23726521538
6.23701519957
6.23677029796
6.23653038452
6.23629533685
6.23606503604
6.23583936657
6.23561821621
6.23540147587
6.23518903955
6.23498080423
6.23477666975
6.23457653874
6.23438031653
6.23418791105
6.23399923278
6.23381419463
6.23363271191
6.2334547022
6.23328008534
6.23310878331
6.2329407202
6.23277582211
6.23261401715
6.23245523529
6.23229940839
6.23214647009
-12.4034328415
-12.9893636829
-13.7920420943
-15.1357593085
-17.3447184501
-20.8446885556
-26.1572662462
-34.0233856061
-47.4651487378
-184.994819485
nan
nan
nan
nan
nan
nan
nan
nan
nan
nan
nan
nan
nan
nan
nan
nan
nan
nan
nan
nan
nan
nan
nan
nan
nan
nan
nan
nan
nan
nan
nan
nan
nan
nan
nan
nan
nan
nan
nan
nan
nan
nan
nan
nan
nan
nan
nan
nan
nan
nan
nan
nan
nan
nan
nan
nan
nan
nan
nan
nan
nan
nan
nan
nan
nan
nan
nan
nan
nan
nan
nan
nan
nan
nan
nan
nan
nan
nan
nan
nan
nan
nan
nan
nan
nan
nan
nan
nan
nan
nan
nan
nan
nan
nan
nan
nan
nan
nan
nan
nan
nan
nan
nan
nan
nan
nan
nan
nan
nan
nan
nan
nan
nan
nan
nan
nan
nan
nan
nan
nan
nan
nan
nan
nan
nan
nan
nan
nan
nan
nan
nan
nan
nan
nan
nan
nan
nan
nan
nan
nan
nan
nan
nan
nan
nan
nan
nan
nan
nan
nan
nan
nan
nan
nan
nan
nan
nan
nan
nan
nan
nan
nan
nan
nan
nan
nan
nan
nan
nan
nan
nan
nan
nan
nan
nan
nan
nan
nan
nan
nan
nan
nan
nan
nan
nan
nan
nan
nan
nan
nan
-12.5525698315
-13.3233915241
-14.7498510032
-17.3278472483
-21.7490021639
-28.9691908829
-65.3133460888
nan
nan
nan
nan
nan
nan
nan
nan
nan
nan
nan
nan
nan
nan
nan
nan
nan
nan
nan
nan
nan
nan
nan
nan
nan
nan
nan
nan
nan
nan
nan
nan
nan
nan
nan
nan
nan
nan
nan
nan
nan
nan
nan
nan
nan
nan
nan
nan
nan
nan
nan
nan
nan
nan
nan
nan
nan
nan
nan
nan
nan
nan
nan
nan
nan
nan
nan
nan
nan
nan
nan
nan
nan
nan
nan
nan
nan
nan
nan
nan
nan
nan
nan
nan
nan
nan
nan
nan
nan
nan
nan
nan
nan
-12.43802127
-12.4467956036
-12.4545491924
-12.4610982519
-12.4662466195
-12.4697918915
-12.4715295738
-12.4712665478
-12.4688299027
-12.4640875202
-12.4569688809
-12.4474874724
-12.4357650342
-12.4220537498
-12.4067447497
-12.3903854416
-12.3736312779
-12.3572032969
-12.3418685278
-12.3282910111
-12.31698673
-12.3082738987
-12.3021825734
-12.2983676183
-12.2958448094
-12.2927697264
-12.286238683
-12.2749091544
-12.2610506605
-12.2393784319
-12.2348965416
-12.5203824106
-12.774379521
-12.7523385001
-12.765191392
-12.8353010833
-12.9397119748
-13.032365947
-13.0565743642
-13.0576734683
-13.0576798127
-13.0576798127
-13.0576798127
-13.0576798127
-13.0576798127
-13.0576798127
-13.0576798127
-13.0576798127
-13.0576798127
-13.0576798127
-13.0576798127
-13.0576798127
-13.0576798127
-13.0576798127
-13.0576798127
-13.0576798127
-13.0576798127
-13.0576798127
-13.0576798127
-13.0576798127
-13.0576798127
-13.0576798127
-13.0576798127
-13.0576798127
-13.0576798127
-13.0576798127
-13.0576798127
-13.0576798127
-13.0576798127
-13.0576798127
-13.0576798127
-13.0576798127
-13.0576798127
-13.0576798127
-13.0576798127
-13.0576798127
-13.0576798127
-13.0576798127
-13.0576798127
-13.0576798127
-13.0576798127
-13.0576798127
-13.0576798127
-13.0576798127
-13.0576798127
-13.0576798127
-13.0576798127
-13.0576798127
-13.0576798127
-13.0576798127
-13.0576798127
-13.0576798127
-13.0576798127
-13.0576798127
-13.0576798127
-13.0576798127
-13.0576798127
-13.0576798127
-13.0576798127
-13.0576798127
-13.0576798127
-13.0576798127
-13.0576798127
-13.0576798127
-13.0576798127
-13.0576798127
-13.0576798127
-13.0576798127
-13.0576798127
-13.0576798127
-13.0576798127
-13.0576798127
-13.0576798127
-13.0576798127
-13.0576798127
-13.0576798127
-13.0576798127
-13.0576798127
-13.0576798127
-13.0576798127
-13.0576798127
-13.0576798127
-13.0576798127
-13.0576798127
-13.0576798127
-13.0576798127
-13.0576798127
-13.0576798127
-13.0576798127
-13.0576798127
-13.0576798127
-13.0576798127
-13.0576798127
-13.0576798127
-13.0576798127
-13.0576798127
-13.0576798127
-13.0576798127
-13.0576798127
-13.0576798127
-13.0576798127
-13.0576798127
-13.0576798127
-13.0576798127
-13.0576798127
-13.0576798127
-13.0576798127
-13.0576798127
-13.0576798127
-13.0576798127
-13.0576798127
-13.0576798127
-13.0576798127
-13.0576798127
-13.0576798127
-13.0576798127
-13.0576798127
-13.0576798127
-13.0576798127
-13.0576798127
-13.0576798127
-13.0576798127
-13.0576798127
-13.0576798127
-13.0576798127
-13.0576798127
-13.0576798127
-13.0576798127
-13.0576798127
-13.0576798127
-13.0576798127
-13.0576798127
-13.0576798127
-13.0576798127
-13.0576798127
-13.0576798127
-13.0576798127
-13.0576798127
-13.0576798127
-13.0576798127
-13.0576798127
-13.0576798127
-13.0576798127
-13.0576798127
-13.0576798127
-13.0576798127
-13.0576798127
-13.0576798127
-13.0576798127
-13.0576798127
-13.0576798127
-13.0576798127
-13.0576798127
-13.0576798127
-13.0576798127
-13.0576798127
-13.0576798127
-13.0576798127
-13.0576798127
-13.0576798127
-13.0576798127
-13.0576798127
-13.0576798127
-13.0576798127
-13.0576798127
-13.0576798127
-13.0576798127
-13.0576798127
-13.0576798127
-13.0576798127
-13.0576798127
-13.0576798127
-13.0576798127
-13.0576798127
-13.0576798127
-13.0576798127
-13.0576798127
-13.0576798127
-13.0576798127
-13.0576798127
-13.0576798127
-13.0576798127
-13.0576798127
-13.0576798127
-13.0576798127
-13.0576798127
-13.0576798127
-13.0576798127
-13.0576798127
-13.0576798127
-13.0576798127
-13.0576798127
-13.0576798127
-13.0576798127
-13.0576798127
-13.0576798127
-13.0576798127
-13.0576798127
-13.0576798127
-13.0576798127
-13.0576798127
-13.0576798127
-13.0576798127
-13.0576798127
-13.0576798127
-13.0576798127
-13.0576798127
-13.0576798127
-13.0576798127
-13.0576798127
-13.0576798127
-13.0576798127
-13.0576798127
-13.0576798127
-13.0576798127
-13.0576798127
-13.0576798127
-13.0576798127
-13.0576798127
-13.0576798127
-13.0576798127
-13.0576798127
-13.0576798127
-13.0576798127
-13.0576798127
-13.0576798127
-13.0576798127
-13.0576798127
-13.0576798127
-13.0576798127
-13.0576798127
-13.0576798127
-13.0576798127
-13.0576798127
-13.0576798127
-13.0576798127
-13.0576798127
-13.0576798127
-13.0576798127
-13.0576798127
-13.0576798127
-13.0576798127
-13.0576798127
-13.0576798127
-13.0576798127
-13.0576798127
-13.0576798127
-13.0576798127
-13.0576798127
-13.0576798127
-13.0576798127
-13.0576798127
-13.0576798127
-13.0576798127
-13.0576798127
-13.0576798127
-13.0576798127
-13.0576798127
-13.0576798127
-13.0576798127
-12.4728703637
-12.4738697677
-12.4748613982
-12.4758450956
-12.47682069
-12.4777880261
-12.4787469403
-12.4796972662
-12.480638836
-12.481571479
-12.4824950254
-12.483409302
-12.4843141343
-12.485209346
-12.4860947595
-12.4869701954
-12.4878354727
-12.488690409
-12.4895348202
-12.4903685197
-12.4911913229
-12.4920030391
-12.4928034787
-12.49359245
-12.4943697594
-12.4951352144
-12.4958886183
-12.4966297706
-12.4973584774
-12.4980745378
-12.4987777503
-12.4994678989
-12.5001448142
-12.5008082912
-12.5014581048
-12.5020940559
-12.5027159312
-12.5033235182
-12.5039166193
-12.5044950143
-12.5050584834
-12.505606842
-12.5061398614
-12.5066573213
-12.5071590304
-12.507644763
-12.508114296
-12.5085674355
-12.5090039573
-12.509423637
-12.5098262783
-12.5102116598
-12.5105795559
-12.5109297709
-12.511262085
-12.5115762727
-12.5118721291
-12.5121494555
-12.5124080087
-12.5126475999
-12.5128680281
-12.5130690576
-12.5132505122
-12.5134121808
-12.5135538305
-12.5136753006
-12.5137763593
-12.5138568119
-12.5139164891
-12.5139551823
-12.5139726803
-12.5139688221
-12.5139432965
-12.5138960228
-12.5138268186
-12.5137354799
-12.5136218886
-12.5134858148
-12.5133271565
-12.5131457043
-12.5129413084
-12.5127138258
-12.5124631241
-12.5121890395
-12.5118914057
-12.5115701362
-12.5112251339
-12.5108561277
-12.5104632
-12.5100461382
-12.5096047527
-12.5091391867
-12.5086490609
-12.5081345478
-12.5075954226
-12.5070316729
-12.5064432335
-12.505829925
-12.5051919654
-12.5045291894
-12.5038414501
-12.503128991
-12.5023916235
-12.5016293509
-12.5008423
-12.5000304086
-12.4991937499
-12.4983324004
-12.4974462588
-12.4965356732
-12.4956004959
-12.4946408622
-12.4936569997
-12.4926489714
-12.4916168069
-12.4905608119
-12.4894810667
-12.4883775623
-12.4872508775
-12.4861010926
-12.4849280909
-12.4837323053
-12.48251428
-12.4812734472
-12.4800110145
-12.478726791
-12.4774210954
-12.47609429
-12.474746979
-12.4733789211
-12.4719912907
-12.4705833735
-12.4691567855
-12.4677109585
-12.466246625
-12.4647646799
-12.4632651297
-12.4617485999
-12.4602152922
-12.4586660013
-12.4571011567
-12.4555209261
-12.4539265161
-12.4523183858
-12.4506963974
-12.449062561
-12.4474159335
-12.4457584934
-12.4440891302
-12.4424111199
-12.4407216623
-12.4390247384
-12.4373191263
-12.4356063724
-12.4338863907
-12.4321612918
-12.4304292657
-12.4286945158
-12.4269543153
-12.4252121721
-12.4234668219
-12.4217202829
-12.4199737768
-12.4182264442
-12.416480004
-12.4147351695
-12.4129939497
-12.4112540107
-12.4095200481
-12.4077903904
-12.4060662335
-12.4043484513
-12.4026385354
-12.4009376593
-12.3992445484
-12.3975623221
-12.3958877029
-12.3942278472
-12.3925803592
-12.3909445492
-12.389324101
-12.3877177526
-12.3861264065
-12.38455261
-12.3829938534
-12.3814545951
-12.3799329294
-12.3784324404
-12.3769491702
-12.3754891059
-12.3740500275
-12.372631753
-12.3712378044
-12.3698669616
-12.3685213234
-12.3671972293
-12.3659008341
-12.3646302362
-12.3633866981
-12.362169991
-12.3609825268
-12.3598226906
-12.3586910004
-12.3575889544
-12.3565181153
-12.3554784152
-12.3544685254
-12.3534915044
-12.3525459467
-12.3516333556
-12.3507540615
-12.3499071654
-12.3490959321
-12.3483173059
-12.3475731788
-12.3468628428
-12.3461880339
-12.3455476646
-12.3449439705
-12.3443757885
-12.3438446826
-12.3433483324
-12.3428892704
-12.3424671007
-12.342081365
-12.3417326104
-12.3414210854
-12.3411462076
-12.3409088566
-12.3407078426
-12.3405437201
-12.3404161664
-12.3403247445
-12.3402692811
-12.3402496603
-12.3402649416
-12.3403152252
-12.3403988177
-12.3405163626
-12.3406655951
-12.3408461409
-12.3410569166
-12.3412961656
-12.3415628233
-12.3418555401
-12.3421721337
-12.3425113225
-12.3428700866
-12.3432478235
-12.3436406994
-12.3440473861
-12.344465042
-12.3448917297
-12.3453261976
-12.3457989591
-12.3462756059
-12.3467554301
-12.3472379129
-12.347724268
-12.3482154304
-12.3487151223
-12.349228383
-12.3497612997
-12.3503232503
-12.350921324
-12.3515640457
-12.3522753508
-12.353076434
-12.3539868478
-12.3550330716
-12.3562399703
-12.3576379415
-12.3592578134
-12.3611315197
-12.3632616952
-12.365704734
-12.3684938442
-12.3716574057
-12.3752254544
-12.3792251136
-12.3836827176
-12.3886205664
-12.3940632038
-12.4000298347
-12.4065438445
-12.4136222143
-12.4212877501
-12.4295466947
-12.4384285516
-12.4479427153
-12.4580353725
-12.4687739198
-12.4801296859
-12.4920603532
-12.5044976942
-12.5173348525
-12.5304172614
-12.5435366626
-12.5564269756
-12.5687800084
147.167188292
133.148965798
116.156909138
91.8687109334
68.0734870147
64.3312841931
34.9898792665
41.7502137097
44.8513289962
31.0541382505
32.3207249514
43.8877392746
26.559815664
17.9239637705
6.88521739514
13.9974089566
7.97619234657
2.27588088354
3.73007659457e-07
3.45079716814e-07
3.20797453803e-07
2.995130746e-07
2.80719666564e-07
2.64015635544e-07
2.49079240267e-07
2.35650067026e-07
2.23515357719e-07
2.12499786126e-07
2.02457719902e-07
1.93267298471e-07
1.8482585386e-07
1.77046336083e-07
1.69854497854e-07
1.6318665896e-07
1.56987917178e-07
1.51210706162e-07
1.45813625073e-07
1.4076048267e-07
1.36019511838e-07
1.31562720491e-07
1.27365352264e-07
1.23405436147e-07
1.19663408561e-07
1.16121794766e-07
1.12764939101e-07
1.09578775634e-07
1.0655063237e-07
1.03669063489e-07
1.00923705075e-07
9.83051506048e-08
9.58048431487e-08
9.34149817294e-08
9.11284397373e-08
8.89386936376e-08
8.68397604966e-08
8.48261430884e-08
8.28927815329e-08
8.10350105838e-08
7.9248521814e-08
7.75293300582e-08
7.58737435665e-08
7.42783374003e-08
7.27399296701e-08
7.12555602659e-08
6.98224717827e-08
6.84380923829e-08
6.71000203678e-08
6.58060102665e-08
6.45539602679e-08
6.33419008494e-08
6.21679844712e-08
6.10304762206e-08
5.99277453066e-08
5.88582573164e-08
5.78205671546e-08
5.68133125955e-08
5.58352083892e-08
5.48850408641e-08
5.39616629805e-08
5.30639897892e-08
5.21909942586e-08
5.13417034353e-08
5.0515194908e-08
4.97105935457e-08
4.8927068487e-08
4.81638303581e-08
4.74201286982e-08
4.6695249576e-08
4.59885133798e-08
4.52992727672e-08
4.46269107606e-08
4.39708389772e-08
4.33304959817e-08
4.27053457523e-08
4.2094876251e-08
4.14985980898e-08
4.09160432856e-08
4.03467640967e-08
3.97903319348e-08
3.9246336347e-08
