8096.23193566
5764.67250201
4549.09044627
3874.53021717
3418.82491667
3120.0062828
2891.81038488
2700.81950393
2555.51721482
2437.68107357
2344.28780137
2265.02745009
2233.05980566
2213.69261605
2167.44480658
2066.80750638
2018.49657813
2041.78675954
2026.44504989
2060.07784822
1989.51878895
1964.32721646
1902.68175434
1877.85511172
1831.56002455
1880.52489986
1886.08577044
1846.73740107
1892.21872708
1837.88297536
1884.79721845
1782.16932677
1711.04885895
1816.7385345
1701.14270408
1750.74620926
1640.95141266
1561.87762839
1594.77110665
1628.17818326
1579.87376087
1530.72372072
1591.57053643
1590.51633319
1558.64829875
1495.58486528
1425.0703598
1645.46442757
1511.37592149
1588.49626248
1583.11064901
1473.06325774
1439.35801515
1444.24687276
1509.78858882
1539.74485508
1488.26625038
1448.41483528
1502.40788557
1510.42050284
1363.1854063
1466.20146757
1386.71600452
1374.01743585
1500.37406309
1385.10841769
1345.4548471
1439.21147865
1376.44553698
1365.6897527
1416.53414324
1308.31005491
1361.07185091
1358.84940815
1405.03259727
1330.63465252
1388.03956407
1396.31947592
1362.46441124
1422.88161707
1348.05875317
1302.45740791
1389.95228937
1355.47549026
1359.28722262
1345.7663856
1256.51229131
1328.57539576
1259.89032314
1289.70387726
1266.61181732
1367.35836475
1388.701957
1338.96170183
1274.44277439
1250.74493435
1174.67537011
1210.81060005
1237.07716806
1211.13315527
1240.78496014
1361.77042036
1373.4905597
1299.29356526
1259.42152685
1379.08979701
1172.09379451
1301.22720842
1339.37170384
1241.30902527
1110.98614552
1315.46734916
1207.84348667
1206.95921761
1232.88305897
1282.23951399
1280.27019609
1248.09068383
1180.37617704
1199.25207557
1197.1841952
1327.46283975
1272.14316889
1267.78353242
1229.99852858
1179.80818493
1170.09107595
1181.78579357
1174.75173468
1308.18940401
1222.35753355
1262.01964234
1106.80647001
1257.0011611
1143.50182232
1183.88213599
1194.30842455
1212.26246757
1140.17822802
1169.17855232
1256.997117
1159.51072339
1076.54081162
1107.09433127
1164.40851513
1159.24445527
1102.3148097
1209.82730339
1188.5413821
1267.72224662
1122.37241692
1136.51184129
1019.49244498
1168.16250089
1146.83578828
1117.12896014
1246.89814336
1092.18991563
1133.25525093
1224.52627391
1106.84216741
1065.4497385
1097.91650726
1149.35732407
1101.50893903
994.262238011
1234.310138
1204.42063076
1264.58979049
1104.86642099
1044.17132816
1025.23261811
1094.02055626
989.565807475
1124.03103059
1113.07262703
1227.50483856
1158.56038034
1210.55929868
1116.09671553
986.633711804
978.745424293
1180.5004865
1026.39149072
977.283827698
1029.02168803
1013.06906398
1093.26412928
1123.63125966
1021.78649942
1026.64969202
1132.66178809
1201.89794181
1015.50816212
1139.34360001
1059.2453123
1121.82309592
1270.10745306
1028.68510843
1002.48704741
1124.22811117
1075.50750097
1121.59677808
1134.15383543
1173.86035288
1156.7032351
1225.8227623
1085.87499367
998.016810422
1163.82425765
1120.03861824
1065.05337997
1066.18258415
1090.51501269
937.950293515
1199.94682708
1172.6954509
1035.85778837
1163.93074917
1126.09535151
1014.40172516
1116.79268209
1046.34964473
956.410094751
1048.58735961
1206.07748629
1075.11716076
1219.7065183
1102.66482441
1051.72348193
1208.17423371
1169.05044578
1171.32586478
1166.70527557
1173.25185342
1018.35448291
1130.02050042
995.080591696
1151.10788558
1163.41949047
1033.95275096
1059.1483188
1004.47459552
1141.21939907
1018.72634751
1102.71078141
1086.20737987
1195.13434413
1153.18670713
1206.46737377
1068.24873824
1029.69950565
927.010641418
1052.06811419
912.157118098
1096.55266179
1170.9234749
1187.16176731
1100.12911339
1084.44400978
1062.78267602
970.399593587
1040.66051069
1022.89928392
949.021636062
1198.42415616
1202.49150467
1024.00986796
1139.32729809
1182.58380678
1334.54976052
1178.52069312
1117.67616832
1072.43572438
1128.13908174
1086.68162319
1173.3358541
1074.99291124
1199.84259793
1011.39544742
1059.79492336
1187.29317903
950.879179532
1085.3298601
1016.5550095
1032.49737457
958.872200873
971.398807677
1044.22057994
1134.62632595
1019.23602804
1255.96279667
1076.73992081
1169.39025101
1015.35674522
982.783767452
1014.97868984
1095.07723132
1134.78545238
1078.46920852
1054.60949501
1091.51802932
1215.11695108
948.886819774
1228.08189106
1133.37905153
1062.16156131
1013.80290857
1127.78891286
1043.65174162
1233.03106934
1138.40872185
1084.95435204
1037.76370389
1132.23846024
1260.94726337
1160.67369737
1182.87088949
1081.46822218
1000.95516434
1106.70967463
1239.49841428
1148.82686302
1073.31942291
1224.15991594
1255.27021471
1208.58701003
1386.52788033
1096.38168782
1064.51354432
903.88654422
1199.34520772
1195.1452982
1180.13286144
1173.93665013
1251.32969894
1101.36803976
1311.39139061
1023.40115232
1147.35882059
1225.81099746
1186.244597
1391.71267133
1174.1929876
1067.33741162
1215.35636873
1065.45312404
1142.86073251
1230.37579072
1344.63931351
1207.71110189
1275.33128703
1296.20171602
1170.19027442
1384.5609785
1097.02940848
1089.06327263
1235.39612718
1279.72036818
1262.6830615
1215.06687199
1074.74896702
1020.95599923
1118.08150088
1527.94322678
1335.27779374
1254.66600981
1085.23763892
1113.70472998
1398.62384873
1370.76114191
1316.0329143
1197.02440385
1053.98919218
1058.595862
1068.20478478
1242.22003016
1161.03702501
1333.9308202
1086.67649574
1060.78020213
1237.98008831
1246.69518417
1084.19736538
1302.93009858
1277.02495315
1302.00182053
1171.95720076
1319.90177159
1544.46539582
1362.26782213
1189.93755131
1234.33390389
1228.54809603
1348.84132545
1268.84854694
1174.53016375
969.704288887
1061.08842472
1348.38385144
1165.0799767
1286.93393832
1343.9986939
1161.0183455
1179.41637599
1046.09467059
1210.5671
1210.93468944
1202.70000153
1025.66722749
1099.33321353
1230.84731023
1392.28804799
1308.34966649
1308.0910549
1433.3552049
1312.70682103
1342.90483075
1260.18539682
1425.91492038
1229.48193015
1328.8716115
1339.24805279
1117.65209216
1198.36565154
1381.55122755
1408.99153321
1380.22020299
1316.77121806
1360.09340898
1306.94082594
1547.34330508
1294.72566319
1231.49388805
1486.33980346
1629.65796836
1396.36945004
1200.18575995
1201.79239965
1359.11433842
1719.2801269
1553.29369205
1449.9449425
1234.68685083
1538.14348384
1263.94189663
1572.98499369
1370.92916927
1412.61862673
1389.36184809
1469.89426694
1508.07422046
1517.35042873
1611.41300135
1482.37496388
1477.5934931
1430.26868449
1269.17899835
1448.94801714
1692.06617095
1472.69058482
1495.55188362
1343.49173344
1709.07656454
1703.17809309
1701.44060777
1507.72205261
1514.72223777
1491.46273637
1406.57165853
1416.92344317
1206.47000618
1303.80782814
1472.89392373
1263.66183707
1531.81723267
1393.70553116
1249.80073191
1201.34278714
1454.56524713
1567.68394034
1448.44561459
1195.07562922
1370.4138948
1535.29328488
1394.42868961
1390.41848576
1488.99429099
1418.37984157
1256.34989646
1355.42159732
1396.37877883
1549.00854366
1368.59699514
1527.02033808
1615.35409376
1391.39782158
1550.35188826
1204.04645442
1698.42448802
1461.85337129
1366.66659529
1224.16939877
1366.15917561
1257.41678906
1553.31270096
1330.99248461
1476.13535189
1522.24535538
1630.70578693
1367.24128799
1336.30442409
1234.36585493
1352.09695563
1729.33997595
1740.52387714
1620.72854138
1528.48077189
1519.78953117
1281.73908005
1184.49877769
1428.15278084
1264.63487671
1273.20033354
1337.63989967
1535.8591769
1568.91550484
1579.12645809
1395.232369
1405.57132543
1216.56126665
1134.37713313
1357.16020357
1245.79577947
1466.51787524
1321.33903357
1442.79190449
1775.39020341
1449.90104757
1322.35841841
1595.25788135
1547.60919293
1464.73711034
1315.94156789
1543.80470352
1673.91058612
1614.9412114
1667.01474392
1417.15391803
1484.99714763
1726.71217384
1649.35926252
1592.2387638
1643.4208564
1897.69996998
1715.46470213
1489.52207946
1367.00375605
1448.38010701
1490.94150227
1440.64657741
1767.65137038
1491.22104364
1501.34376095
1544.80290767
1525.22835533
1683.64571271
1715.74125314
1461.57996583
1346.61688959
1409.54448701
1598.18949222
1649.8638109
1507.60179104
1316.66890787
1713.26617827
1669.16821049
1664.69000914
1636.55126986
1633.51069871
1579.60775234
1601.3641027
1393.56121518
1611.81762039
1524.04628012
1780.68007826
1842.26038021
1663.61853556
1709.35282717
1543.97382244
1468.46240652
1619.27817543
1624.94194906
1527.22740047
1389.11331193
1502.69720324
1629.00712961
1456.11861272
1583.90704453
1636.28916601
1519.96929099
1575.23187098
1494.77492225
1643.63091702
1868.77716077
1805.61301308
1505.83967675
1422.90164121
1507.60181403
1445.83671698
1600.13328929
1663.07924388
1554.82458934
1569.32580694
1444.73354155
1524.34549721
1750.88672717
1765.49065623
1497.56724643
1677.91950091
1832.11017046
1579.96384781
1525.24493837
1628.29471198
1859.83731469
1552.55324809
1297.63807529
1664.66849654
1675.77597901
1513.62643696
2142.59883802
2054.8051709
1946.46888143
1776.17543316
1995.20803481
1801.96866713
1737.09066461
1681.65328406
2042.03284089
1597.57344599
1671.58129912
1577.05726101
1637.06282265
1654.57222041
1619.20179393
1575.74903592
1548.59064631
1669.59690579
1642.59668763
1664.2502145
1919.15987721
2098.82718589
1909.84206974
1906.93235394
1905.43492128
1825.93423158
1807.16872067
1810.69670357
1740.85128399
1570.42723595
1628.90943859
1823.63981676
1697.83924619
1786.13154283
1870.10552313
1738.06985284
1485.90833767
1599.98702369
1883.02962679
1615.49139724
1393.02563515
1391.41204361
1581.22965118
1842.59167293
1650.72099399
1329.80211416
1283.42768797
1242.39870867
1556.43820664
1782.1804948
1777.75310147
1871.88544657
2027.0414134
1944.69518124
1738.00815891
1496.56495346
1591.67518117
1533.1180575
1698.30112964
1770.43020165
1701.78358394
1539.92766507
1611.71737361
1576.58688797
1881.52067627
1546.65622117
1537.84811478
1801.11992243
1923.69832269
1668.30043004
1899.83104608
1776.50539051
1950.24101309
1973.09593355
1739.50151115
1591.93177656
1732.86735439
1416.5941737
1632.65340398
1599.52411759
1843.33230849
1776.64534733
1701.34388244
1621.04311447
1879.33015134
1548.48579104
1650.32897551
1703.48203488
1779.65771675
1836.82617808
1842.05447206
2106.12253145
1841.32185628
1731.72754698
1700.07722164
1592.45035528
1516.43790671
1816.81685109
1682.70559067
1543.28923561
1702.86710955
1838.96485485
2066.96622189
2151.00324792
1780.89212166
1511.68232905
1751.36476959
1756.55141265
1598.11196487
1737.01632184
1930.07798009
2056.23784384
1940.22400236
1507.52183778
1780.30788113
1819.27891363
1613.91137204
2005.89805134
1845.29497592
1576.78239039
1461.1398968
1600.55281704
1731.89345228
1694.79255657
1631.20218479
1703.39467998
1949.65237052
1778.37997093
1641.92126899
1875.1347744
1665.64141336
1473.25601024
1687.06958185
1686.47245143
1650.92991797
1940.7477768
2079.67210225
1926.15923398
1651.66333328
1979.94500246
1818.04346292
1802.71358212
1732.86914341
2364.82598068
2156.23795588
1982.91369526
2300.77467306
2481.58872719
2331.09909784
1991.25522148
1959.11145088
1848.05082588
1684.5379429
2011.53502139
2128.45948933
1847.60512133
1910.0615509
1623.22582566
2042.63676628
2457.71494409
2094.55378168
2179.7593317
2259.5328019
2453.75031325
2177.69692841
1988.1354391
2198.34238272
2326.90844446
2018.67599489
2062.10012358
2278.54455736
1769.98596062
1820.7451307
1754.87534359
1788.84013553
1622.56454741
1574.00350209
1955.15589898
1688.61211447
1822.74716483
1609.3295484
1758.29344348
1652.20788733
1807.2968744
1746.83727375
1760.67131842
1713.66134147
1801.45093766
2016.85810238
1629.40025383
1550.10281533
1820.30002413
1735.79955835
1824.56314242
1839.11381805
1695.7522497
1576.88615623
1490.73055217
1708.90044498
1976.59890396
1666.36320542
1782.80742084
1878.71869829
1762.71635841
2053.58541761
1938.11191265
1744.06920084
1921.46791615
1938.17049443
1882.28919121
1746.50727499
1647.30586475
1833.99944876
1759.00146774
2025.60426013
1715.90237531
2319.79317112
2324.58526176
2210.54117395
2118.73531761
1977.57323866
1947.97708154
2072.60811216
2155.23403627
2019.13208073
1980.71933772
1690.34980937
1966.45300047
1982.52100554
2175.29384511
2247.27960963
1915.82527196
1809.94102592
1987.27790487
2073.98164263
2150.48002556
1823.27574674
1978.82748223
2150.58217259
2319.94277782
2487.83127469
2029.51245013
2023.19746778
2240.97783506
2232.38336211
1850.55269664
1740.98149732
1875.88212046
1895.10212107
1864.31145079
1979.30518678
1830.42427734
1551.20718811
1699.21329885
1534.48698322
2411.61419675
1981.61891394
1732.73334817
1782.59194183
2070.40378674
1802.20837129
2230.9017427
2179.54436061
1854.89576716
2014.99350334
1886.30747941
1887.38227803
1621.48994004
1922.58322247
1971.47587628
1849.56072185
1935.06216656
2057.55495065
2230.26852371
2139.66036013
2169.53782876
2072.8883114
2069.57141474
2469.31221113
2225.06421082
1957.37825461
2006.28049978
2333.57474874
2223.64712266
2046.87181454
2166.01959554
1886.92409847
2420.29577692
2352.44360457
2186.512669
1944.84206158
1873.36216172
1972.83830351
1774.99541404
1901.19424993
2057.22542191
1819.99954559
1863.83538978
1900.7220229
1641.90199378
1772.68736119
1961.19536515
2566.39940538
2507.33243097
2115.36667631
2241.44250244
2531.03464853
2147.99232135
1851.11196658
1817.54084921
2086.27281511
2034.17689652
2057.3720802
1876.86870887
2088.14114673
2006.72839423
1678.6041879
1833.22441674
1775.2659689
2250.65934517
2139.03236588
2100.26949693
1838.62737267
2280.89709891
1892.48790592
1893.49809032
1775.02193143
1973.00483553
2074.44920015
2093.64991927
1908.76676211
1562.98165694
1994.94702764
2382.47647656
2127.60777013
2041.40648466
2193.96819565
2639.19307801
2762.24120358
2701.2618471
2408.45280507
2164.3604961
2250.3521371
2046.1340355
1908.13815194
1813.65102085
2376.29721172
2601.43744482
2693.48355063
2638.51138297
2674.64558881
2544.18407392
2294.26524855
2496.03366047
2474.93850744
2374.53522944
2197.19616125
2046.55383102
2270.83321892
2166.29501124
2059.11415962
2262.0903559
2198.19340995
1969.49188103
2399.40505313
2125.63037041
2139.2764846
2032.04163806
2311.1636985
2372.17305264
10174.5525172
10170.2051519
10170.2051519
10170.2051519
77.0146604425
77.6787863225
77.6778250214
77.6778206249
77.6778206098
77.6778206097
77.6778206097
77.6778206097
77.6778206097
77.6778206097
77.6778206097
77.6778206097
77.6778206097
77.6778206097
77.6778206097
77.6778206097
77.6778206097
77.6778206097
77.6778206097
77.6778206097
77.6778206097
77.6778206097
77.6778206097
77.6778206097
77.6778206097
77.6778206097
77.6778206097
77.6778206097
77.6778206097
77.6778206097
77.6778206097
77.6778206097
77.6778206097
77.6778206097
77.6778206097
77.6778206097
77.6778206097
77.6778206097
77.6778206097
77.6778206097
77.6778206097
77.6778206097
77.6778206097
77.6778206097
77.6778206097
77.6778206097
77.6778206097
77.6778206097
77.6778206097
77.6778206097
77.6778206097
77.6778206097
77.6778206097
77.6778206097
77.6778206097
77.6778206097
77.6778206097
77.6778206097
77.6778206097
77.6778206097
77.6778206097
77.6778206097
77.6778206097
77.6778206097
77.6778206097
77.6778206097
77.6778206097
77.6778206097
77.6778206097
77.6778206097
77.6778206097
77.6778206097
77.6778206097
77.6778206097
77.6778206097
77.6778206097
77.6778206097
77.6778206097
77.6778206097
77.6778206097
77.6778206097
77.6778206097
77.6778206097
77.6778206097
77.6778206097
77.6778206097
77.6778206097
77.6778206097
77.6778206097
77.6778206097
77.6778206097
77.6778206097
77.6778206097
77.6778206097
77.6778206097
77.6778206097
77.6778206097
77.6778206097
77.6778206097
77.6778206097
79.8267307769
79.8245662914
79.8224024982
79.8202393971
79.8180769881
79.8159152708
79.8137542453
79.8115939112
79.8094342684
79.8072753168
79.8051170561
79.8029594863
79.8008026072
79.7986464185
79.7964909202
79.7943361121
79.7921819939
79.7900285655
79.7878758269
79.7857237777
79.7835724178
79.7814217472
79.7792717655
79.7771224726
79.7749738685
79.7728259528
79.7706787255
79.7685321863
79.7663863352
79.7642411719
79.7620966963
79.7599529082
79.7578098074
79.7556673938
79.7535256672
79.7513846275
79.7492442745
79.747104608
79.7449656279
79.7428273339
79.740689726
79.7385528039
79.7364165675
79.7342810167
79.7321461512
79.730011971
79.7278784757
79.7257456654
79.7236135397
79.7214820986
79.7193513418
79.7172212693
79.7150918808
79.7129631762
79.7108351554
79.708707818
79.7065811641
79.7044551934
79.7023299057
79.700205301
79.6980813789
79.6959581395
79.6938355824
79.6917137076
79.6895925149
79.687472004
79.6853521749
79.6832330274
79.6811145613
79.6789967764
79.6768796727
79.6747632498
79.6726475077
79.6705324462
79.6684180652
79.6663043644
79.6641913437
79.6620790029
79.6599673419
79.6578563606
79.6557460586
79.653636436
79.6515274924
79.6494192279
79.6473116421
79.6452047349
79.6430985062
79.6409929558
79.6388880835
79.6367838892
79.6346803727
79.6325775339
79.6304753725
79.6283738884
79.6262730815
79.6241729516
79.6220734985
79.6199747221
79.6178766221
79.6157791985
79.5293238564
79.3269909864
79.1311570999
78.9416627751
78.7583510337
78.5810672632
78.4096591572
78.2439766694
78.0838719789
77.9291994652
77.7798156903
77.6355793873
77.4963514537
77.3619949483
77.2323750921
77.1073592713
76.9868170422
76.8706201383
76.7586424781
76.6507601742
76.5468515424
76.4467971118
76.3504796348
76.2577840961
76.1685977224
76.0828099907
76.0003126357
75.920999657
75.8447673234
75.7715141775
75.7011410377
75.6335509987
75.5686494302
75.5063439737
75.4465445371
75.3891632875
75.3341146416
75.2813152542
75.2306840042
75.1821419789
75.1356124555
75.0910208814
75.048294852
75.0073640859
74.9681603997
74.9306176797
74.8946718524
74.8602608535
74.8273245952
74.7958049324
74.765645627
74.7367923122
74.7091924546
74.6827953161
74.6575519151
74.6334149864
74.6103389412
74.5882798265
74.5671952839
74.5470445087
74.5277882083
74.5093885613
74.4918091758
74.4750150487
74.4589725246
74.4436492553
74.4290141599
74.4150373848
74.4016902647
74.3889452838
74.3767760379
74.3651571969
74.3540644682
74.3434745605
74.3333651489
74.3237148401
74.3145031388
74.3057104148
74.2973178712
74.2893075127
74.2816621158
74.2743651987
74.2674009929
74.2607544153
74.2544110411
74.2483570778
74.2425793397
74.2370652233
74.2318026837
74.2267802117
74.2219868116
74.2174119796
74.2130456837
74.2088783432
74.20490081
74.2011043501
74.1974806255
74.1940216774
74.1907199098
74.1875680736
74.1845592512
74.1816868423
74.1789445498
74.1763263662
74.1738265606
74.171439667
74.1691604714
74.1669840016
74.1649055152
74.16292049
74.1610246137
74.1592137743
74.157484051
74.1558317054
74.1542531733
74.1527450566
74.1513041156
74.1499272614
74.1486115498
74.1473541735
74.1461524566
74.1450038479
74.1439059155
74.1428563411
74.1418529146
74.140893529
74.1399761759
74.1390989405
74.1382599973
74.1374576062
74.1366901081
74.1359559213
74.1352535377
74.1345815195
74.1339384959
74.1333231598
74.1327342648
74.1321706224
74.1316310994
74.1311146149
74.1306201385
74.130146687
74.1296933231
74.1292591524
74.1288433222
74.1284450189
74.1280634663
74.127697924
74.1273476856
74.1270120772
74.1266904556
74.1263822072
74.1260867463
74.1258035142
74.1255319774
74.1252716267
74.1250219762
74.124782562
74.1245529411
74.1243326906
74.1241214068
74.1239187041
74.1237242143
74.1235375857
74.1233584824
74.1231865836
74.1230215827
74.1228631871
74.1227111168
74.1225651046
74.1224248949
74.1222902437
74.1221609175
74.1220366933
74.121917358
74.1218027075
74.121692547
74.1215866901
74.1214849587
74.1213871821
74.1212931974
74.1212028487
74.1211159866
74.1210324685
74.1209521578
74.1208749238
74.1208006413
74.1207291907
74.1206604574
74.1205943316
74.1205307083
74.120469487
74.1204105714
74.1203538692
74.1202992922
74.1202467556
74.1201961785
74.1201474833
74.1201005954
74.1200554437
74.26957256
74.2715199607
74.2736039042
74.2755225598
74.2771650764
74.2785138612
74.2795929389
74.2804414827
74.2811009117
74.281609154
74.2819985789
74.2822957132
74.2825217478
74.2826933274
74.2828233748
74.2829218412
74.2829963453
74.2830526958
74.2830953078
74.2831275303
74.2831518992
74.2831703329
74.2831842815
74.2831948407
74.283202838
74.2832088984
74.283213494
74.2832169813
74.2832196296
74.2832216426
74.2832231739
74.2832243402
74.2832252292
74.2832259078
74.2832264264
74.2832268232
74.2832271273
74.2832273606
74.28322754
74.2832276781
74.2832277846
74.2832278669
74.2832279306
74.2832279801
74.2832280185
74.2832280484
74.2832280718
74.2832280901
74.2832281044
74.2832281157
74.2832281245
74.2832281316
74.2832281371
74.2832281415
74.283228145
74.2832281478
74.28322815
74.2832281518
74.2832281532
74.2832281544
74.2832281553
74.2832281561
74.2832281567
74.2832281571
74.2832281575
74.2832281579
74.2832281581
74.2832281583
74.2832281585
74.2832281587
74.2832281588
74.2832281589
74.2832281589
74.283228159
74.2832281591
74.2832281591
74.2832281591
74.2832281592
74.2832281592
74.2832281592
74.2832281592
74.2832281592
74.2832281593
74.2832281593
74.2832281593
74.2832281593
74.2832281593
74.2832281593
74.2832281593
74.2832281593
74.2832281593
74.2832281593
74.2832281593
74.2832281593
74.2832281593
74.2832281593
74.2832281593
74.2832281593
74.2832281593
74.2832281593
74.2832281593
74.2832281593
74.2832281593
74.2832281593
74.2832281593
74.2832281593
74.2832281593
74.2832281593
74.2832281593
74.2832281593
74.2832281593
74.2832281593
74.2832281593
74.2832281593
74.2832281593
74.2832281593
74.2832281593
74.2832281593
74.2832281593
74.2832281593
74.2832281593
74.2832281593
74.2832281593
74.2832281593
74.2832281593
74.2832281593
74.2832281593
74.2832281593
74.2832281593
74.2832281593
74.2832281593
74.2832281593
74.2832281593
74.2832281593
74.2832281593
74.2832281593
74.2832281593
74.2832281593
74.2832281593
74.2832281593
74.2832281593
74.2832281593
74.2832281593
74.2832281593
74.2832281593
74.2832281593
74.2832281593
74.2832281593
74.2832281593
74.2832281593
74.2832281593
74.2832281593
74.2832281593
74.2832281593
74.2832281593
74.2832281593
74.2832281593
74.2832281593
74.2832281593
74.2832281593
74.2832281593
74.2832281593
74.2832281593
74.2832281593
74.2832281593
74.2832281593
74.2832281593
74.2832281593
74.2832281593
74.2832281593
74.2832281593
74.2832281593
74.2832281593
74.2832281593
74.2832281593
74.2832281593
74.2832281593
74.2832281593
74.2832281593
74.2832281593
74.2832281593
74.2832281593
74.2832281593
74.2832281593
74.2832281593
74.2832281593
74.2832281593
74.2832281593
74.2832281593
74.2832281593
74.2832281593
74.2832281593
74.2832281593
74.2832281593
74.2832281593
74.2832281593
74.2832281593
74.2832281593
74.2832281593
74.2832281593
74.1178128091
74.1177259534
74.1176395766
74.1175536762
74.1174682496
74.117383294
74.1172988069
74.1172147857
74.1171312277
74.1170481305
74.1169654915
74.1168833081
74.1168015778
74.116720298
74.1166394664
74.1165590804
74.1164791375
74.1163996352
74.1163205712
74.116241943
74.1161637482
74.1160859843
74.1160086491
74.11593174
74.1158552548
74.1157791911
74.1157035465
74.1156283188
74.1155535056
74.1154791047
74.1154051136
74.1153315303
74.1152583523
74.1151855775
74.1151132036
74.1150412285
74.1149696498
74.1148984653
74.114827673
74.1147572707
74.1146872561
74.1146176271
74.1145483816
74.1144795174
74.1144110325
74.1143429247
74.1142751919
74.1142078322
74.1141408433
74.1140742233
74.11400797
74.1139420816
74.1138765558
74.1138113908
74.1137465846
74.113682135
74.1136180403
74.1135542983
74.1134909072
74.113427865
74.1133651697
74.1133028195
74.1132408124
74.1131791466
74.1131178201
74.113056831
74.1129961775
74.1129358578
74.1128758699
74.1128162121
74.1127568825
74.1126978792
74.1126392006
74.1125808447
74.1125228098
74.1124650941
74.1124076959
74.1123506134
74.1122938448
74.1122373884
74.1121812424
74.1121254052
74.1120698751
74.1120146503
74.1119597291
74.1119051099
74.111850791
74.1117967707
74.1117430474
74.1116896194
74.1116364851
74.1115836428
74.111531091
74.1114788281
74.1114268523
74.1113751623
74.1113237562
74.1112726327
74.1112217901
74.1111712269
76.7391613415
77.6752211474
77.6778120396
77.6778205806
77.6778206096
77.6778206097
77.6778206097
77.6778206097
77.6778206097
77.6778206097
77.6778206097
77.6778206097
77.6778206097
77.6778206097
77.6778206097
77.6778206097
77.6778206097
77.6778206097
77.6778206097
77.6778206097
77.6778206097
77.6778206097
77.6778206097
77.6778206097
77.6778206097
77.6778206097
77.6778206097
77.6778206097
77.6778206097
77.6778206097
77.6778206097
77.6778206097
77.6778206097
77.6778206097
77.6778206097
77.6778206097
77.6778206097
77.6778206097
77.6778206097
77.6778206097
77.6778206097
77.6778206097
77.6778206097
77.6778206097
77.6778206097
77.6778206097
77.6778206097
77.6778206097
77.6778206097
77.6778206097
77.6778206097
77.6778206097
77.6778206097
77.6778206097
77.6778206097
77.6778206097
77.6778206097
77.6778206097
77.6778206097
77.6778206097
77.6778206097
77.6778206097
77.6778206097
77.6778206097
77.6778206097
77.6778206097
77.6778206097
77.6778206097
77.6778206097
77.6778206097
77.6778206097
77.6778206097
77.6778206097
77.6778206097
77.6778206097
77.6778206097
77.6778206097
77.6778206097
77.6778206097
77.6778206097
77.6778206097
77.6778206097
77.6778206097
77.6778206097
77.6778206097
77.6778206097
77.6778206097
77.6778206097
77.6778206097
77.6778206097
77.6778206097
77.6778206097
77.6778206097
77.6778206097
77.6778206097
77.6778206097
77.6778206097
77.6778206097
77.6778206097
77.6778206097
77.6778206097
77.6778206097
77.6778206097
77.6778206097
77.6778206097
77.6778206097
77.6778206097
77.6778206097
77.6778206097
77.6778206097
77.6778206097
77.6778206097
77.6778206097
77.6778206097
77.6778206097
77.6778206097
77.6778206097
77.6778206097
77.6778206097
77.6778206097
77.6778206097
77.6778206097
77.6778206097
77.6778206097
77.6778206097
77.6778206097
77.6778206097
77.6778206097
77.6778206097
77.6778206097
77.6778206097
77.6778206097
77.6778206097
77.6778206097
77.6778206097
77.6778206097
77.6778206097
77.6778206097
77.6778206097
77.6778206097
77.6778206097
77.6778206097
77.6778206097
77.6778206097
77.6778206097
77.6778206097
77.6778206097
77.6778206097
77.6778206097
77.6778206097
77.6778206097
77.6778206097
77.6778206097
77.6778206097
77.6778206097
77.6778206097
77.6778206097
77.6778206097
77.6778206097
77.6778206097
77.6778206097
77.6778206097
77.6778206097
77.6778206097
77.6778206097
77.6778206097
77.6778206097
77.6778206097
77.6778206097
77.6778206097
77.6778206097
77.6778206097
77.6778206097
77.6778206097
77.6778206097
77.6778206097
77.6778206097
77.6778206097
77.6778206097
77.6778206097
77.6778206097
77.6778206097
77.6778206097
77.6778206097
77.6778206097
77.6778206097
77.6778206097
77.6778206097
77.6778206097
77.6778206097
77.6778206097
77.6778206097
77.6778206097
77.6778206097
77.6778206097
77.6778206097
77.6778206097
77.6778206097
77.6778206097
77.6778206097
79.5694599757
78.9854672407
78.4567579796
77.9792000341
77.548857894
77.1619835343
76.8150122316
76.5045612325
76.22742998
75.9806010162
75.7612408864
75.5667005034
75.394514555
75.2423996637
75.1082511392
74.9901382887
74.8862983565
74.7951292472
74.7151812431
74.6451479559
74.5838567626
74.5302589637
74.483419882
74.4425090894
74.4067909173
74.3756153709
74.3484095369
74.3246695454
74.3039531189
74.285872726
74.2700893335
74.2563067447
74.2442664965
74.2337432847
74.2245408818
74.2164885089
74.2094376222
74.2032590773
74.1978406334
74.1930847617
74.1889067266
74.1852329077
74.1819993362
74.1791504193
74.1766378307
74.1744195463
74.1724590066
74.1707243905
74.1691879861
74.1678256447
74.1666163084
74.1655416014
74.164585476
74.1637339056
74.1629746204
74.162296877
74.1616912605
74.1611495116
74.1606643784
74.1602294865
74.1598392276
74.159488662
74.1591734346
74.1588897015
74.1586340664
74.1584035254
74.1581954189
74.1580073895
74.1578373454
74.1576834288
74.1575439878
74.1574175521
74.1573028117
74.1571985983
74.157103869
74.1570176917
74.1569392326
74.1568677453
74.156802561
74.1567430795
74.1566887622
74.156639125
74.1565937325
74.1565521928
74.1565141528
74.1564792941
74.1564473297
74.1564179999
74.1563910703
74.1563663289
74.1563435837
74.1563226608
74.1563034026
74.1562856661
74.1562693215
74.1562542508
74.156240347
74.1562275125
74.1562156585
74.1562047042
74.1561945759
74.1561852065
74.1561765346
74.1561685043
74.1561610643
74.1561541678
74.1561477722
74.1561418382
74.15613633
74.1561312147
74.156126462
74.1561220445
74.1561179366
74.1561141151
74.1561105586
74.1561072472
74.156104163
74.1561012891
74.1560986103
74.1560961123
74.1560937821
74.1560916077
74.1560895779
74.1560876825
74.156085912
74.1560842576
74.1560827112
74.1560812653
74.156079913
74.1560786479
74.1560774639
74.1560763556
74.1560753178
74.1560743459
74.1560734353
74.156072582
74.1560717822
74.1560710323
74.1560703292
74.1560696696
74.1560690508
74.1560684702
74.1560679252
74.1560674136
74.1560669332
74.1560664821
74.1560660583
74.1560656602
74.1560652861
74.1560649345
74.156064604
74.1560642933
74.1560640012
74.1560637265
74.1560634681
74.156063225
74.1560629963
74.1560627811
74.1560625786
74.156062388
74.1560622086
74.1560620397
74.1560618807
74.1560617309
74.1560615899
74.1560614571
74.1560613319
74.1560612141
74.156061103
74.1560609984
74.1560608998
74.1560608068
74.1560607193
74.1560606367
74.1560605589
74.1560604855
74.1560604164
74.1560603512
74.1560602897
74.1560602317
74.156060177
74.1560601254
74.1560600768
74.1560600309
74.1560599876
74.1560599468
74.1560599083
74.156059872
74.1560598377
74.1560598053
74.1560597748
74.156059746
74.1560597188
74.1560596931
74.1560596689
74.1560596461
74.1560596245
74.1560596041
74.1560595849
74.1560595668
113.984851528
113.984851528
113.984851528
113.984851528
113.984851528
113.984851528
113.984851528
113.984851528
113.984851528
113.984851528
113.984851528
113.984851528
113.984851528
113.984851528
113.984851528
113.984851528
113.984851528
113.984851528
113.984851528
113.984851528
113.984851528
113.984851528
113.984851528
113.984851528
113.984851528
113.984851528
113.984851528
113.984851528
113.984851528
113.984851528
113.984851528
113.984851528
113.984851528
113.984851528
113.984851528
113.984851528
113.984851528
113.984851528
113.984851528
113.984851528
113.984851528
113.984851528
113.984851528
113.984851528
113.984851528
113.984851528
113.984851528
113.984851528
113.984851528
113.984851528
113.984851528
113.984851528
113.984851528
113.984851528
113.984851528
113.984851528
113.984851528
113.984851528
113.984851528
113.984851528
113.984851528
113.984851528
113.984851528
113.984851528
113.984851528
113.984851528
113.984851528
113.984851528
113.984851528
113.984851528
113.984851528
113.984851528
113.984851528
113.984851528
113.984851528
113.984851528
113.984851528
113.984851528
113.984851528
113.984851528
113.984851528
113.984851528
113.984851528
113.984851528
113.984851528
113.984851528
113.984851528
113.984851528
113.984851528
113.984851528
113.984851528
113.984851528
113.984851528
113.984851528
113.984851528
113.984851528
113.984851528
113.984851528
113.984851528
113.984851528
150.136473371
151.335029293
163.999784915
143.999999999
134.00068162
146.675650749
140.147767477
129.987273348
101.266079141
79.9095250405
60.2888493198
56.4085832313
56.2494106697
56.2465885395
56.2452369618
56.2445640567
56.2441705605
56.2439176583
56.2437440298
56.2436188379
56.2435250859
56.244577288
56.2430120841
57.7538560264
56.4958236981
56.5419361534
56.4629458603
56.4631990606
56.4638962371
56.4643597962
56.4646901542
56.4649386927
56.4651331189
56.4652897548
56.4654188767
56.4655272965
56.4656197189
56.4656995042
56.4657691204
56.4658304237
56.4658848385
56.4659334773
56.4659772223
56.4660167827
56.4660527356
56.4660855554
56.466115636
56.4661433074
56.4661688482
56.4661924953
56.4662144514
56.4662348912
56.4662539659
56.4662718071
56.4662885302
56.4663042362
56.4663190145
56.4663329442
56.4663460957
56.4663585317
56.4663703084
56.4663814763
56.4663920807
56.4664021628
56.4664117596
56.4664209048
56.4664296291
56.4664379603
56.4664459241
56.4664535438
56.4664608408
56.4664678348
56.466474544
56.466480985
56.4664871733
56.4664931232
56.4664988478
56.4665043596
56.4665096698
56.4665147891
56.4665197273
56.4665244937
56.4665290969
56.4665335448
56.4665378451
56.4665420048
56.4665460305
56.4665499283
56.4665537042
56.4665573636
56.4665609116
56.4665643532
56.4665676929
56.466570935
56.4665740837
56.4665771428
56.4665801159
56.4665830066
56.4665858181
56.4665885535
56.4665912158
56.4665938078
56.4665963321
56.4665987913
56.4666011877
56.4666035237
56.4666058015
56.4666080231
56.4666101905
56.4666123057
56.4666143703
56.4666163862
56.466618355
56.4666202782
56.4666221574
56.4666239941
56.4666257895
56.466627545
56.4666292619
56.4666309415
56.4666325847
56.4666341929
56.466635767
56.4666373081
56.4666388171
56.4666402951
56.4666417429
56.4666431615
56.4666445516
56.466645914
56.4666472497
56.4666485592
56.4666498434
56.4666511029
56.4666523385
56.4666535507
56.4666547402
56.4666559076
56.4666570535
56.4666581785
56.466659283
56.4666603677
56.466661433
56.4666624795
56.4666635075
56.4666645176
56.4666655103
56.4666664859
56.4666674448
56.4666683875
56.4666693144
56.4666702258
56.4666711221
56.4666720036
56.4666728708
56.4666737239
56.4666745632
56.4666753892
56.466676202
56.466677002
56.4666777895
56.4666785647
56.466679328
56.4666800795
56.4666808195
56.4666815484
56.4666822662
56.4666829734
56.46668367
56.4666843563
56.4666850326
56.466685699
56.4666863558
56.466687003
56.4666876411
56.46668827
56.4666888901
56.4666895014
56.4666901042
56.4667689358
56.4666418563
56.4666461354
56.4666475279
56.4666489175
56.466650277
56.4666516068
56.466652908
56.4666541813
56.4666554278
56.4666566483
56.4666578435
56.4666590143
56.4666601614
56.4666612855
56.4666623873
56.4666634674
56.4666645266
56.4666655654
56.4666665844
56.4666675841
57.930767214
57.4927210368
57.1040072174
56.7583399078
56.4503197697
56.1753093141
55.9293218128
55.7089241644
55.51115312
55.3334437535
55.1735688354
55.029587721
54.8998034211
54.7827266291
54.6770456155
54.5816010387
54.4953648529
54.4174226204
54.3469586432
54.2832434269
54.2256230701
54.1735102466
54.1263765032
54.0837456486
54.0451880471
54.0103156676
53.9787777631
53.9502570817
53.9244665257
53.9011461926
53.880060743
53.8609970488
53.843762087
53.828181045
53.8140956146
53.80136245
53.7898517736
53.7794461129
53.7700391547
53.7615347055
53.753845747
53.7468935789
53.7406070389
53.734921795
53.7297797016
53.7251282158
53.7209198656
53.7171117689
53.7136651952
53.7105451695
53.7077201118
53.7051615112
53.7028436298
53.7007432355
53.698839359
53.6971130743
53.6955473005
53.6941266221
53.6928371263
53.6916662567
53.6906026805
53.689636169
53.6887574889
53.6879583055
53.687231094
53.6865690602
53.6859660688
53.6854165789
53.6849155854
53.6844585663
53.6840414357
53.6836605009
53.6833124237
53.6829941856
53.6827030569
53.6824365681
53.6821924848
53.6819687843
53.6817636355
53.6815753798
53.6814025148
53.6812436788
53.6810976372
53.6809632704
53.6808395627
53.6807255921
53.6806205215
53.6805235904
53.6804341079
53.6803514458
53.6802750324
53.680204348
53.6801389189
53.680078314
53.6800221402
53.6799700392
53.679921684
53.6798767762
53.6798350432
53.679796236
53.9912875375
54.0014089453
54.0102356929
54.0163784379
54.0203112869
54.0227334432
54.0241959379
54.0250698094
54.0255891223
54.0258969076
54.0260791281
54.0261869933
54.0262508697
54.0262887245
54.0263111796
54.0263245143
54.0263324427
54.0263371631
54.0263399779
54.0263416594
54.0263426662
54.0263432707
54.0263436352
54.0263438562
54.0263439915
54.0263440753
54.0263441283
54.0263441628
54.0263441861
54.0263442028
54.0263442153
54.0263442255
54.0263442342
54.0263442419
54.0263442491
54.026344256
54.0263442627
54.0263442692
54.0263442757
54.0263442821
54.0263442885
54.0263442948
54.0263443011
54.0263443074
54.0263443137
54.02634432
54.0263443263
54.0263443326
54.0263443388
54.0263443451
54.0263443513
54.0263443576
54.0263443638
54.02634437
54.0263443762
54.0263443824
54.0263443886
54.0263443948
54.026344401
54.0263444071
54.0263444133
54.0263444194
54.0263444256
54.0263444317
54.0263444378
54.026344444
54.0263444501
54.0263444562
54.0263444623
54.0263444683
54.0263444744
54.0263444805
54.0263444865
54.0263444926
54.0263444986
54.0263445047
54.0263445107
54.0263445167
54.0263445227
54.0263445287
54.0263445347
54.0263445407
54.0263445467
54.0263445527
54.0263445586
54.0263445646
54.0263445705
54.0263445765
54.0263445824
54.0263445883
54.0263445942
54.0263446001
54.026344606
54.0263446119
54.0263446178
54.0263446237
54.0263446296
54.0263446354
54.0263446413
54.0263446471
97.1799729183
77.4899225892
74.4080752277
74.2225226638
74.1067895126
74.0529866732
74.0048335362
73.953888519
73.9046474246
73.8436513657
73.8039746632
73.7543863964
73.7054730382
73.7043088514
74.0840827809
74.0749098969
74.083537106
74.0750414191
74.0660170928
74.0570473081
74.0563520352
74.0326162054
74.0234560697
74.0345143952
74.0117764847
74.0236371175
74.003447118
73.9924559239
74.0049375129
73.9823478339
73.9928237292
73.9689819323
73.9604651009
73.9723778792
73.9469330492
73.9369286895
73.9474981777
73.9192875643
73.9201827896
73.9160483611
73.8842481076
73.883160208
73.8789041191
73.8468296168
73.845272214
73.8394238198
73.8043032411
73.7863652039
73.791970587
73.7539091959
73.7483706889
73.7398021437
73.6997630222
73.6795051263
73.6856024176
73.6457418323
73.6277231946
73.6265234866
73.6241029855
73.5867007704
73.5738999137
73.5629427692
73.5810550776
73.547216959
73.5354698112
73.4525962975
73.2207500954
73.1457871854
73.0439047768
72.9912316753
72.993057105
72.9317654895
72.916339562
72.8965109018
72.8817029788
72.8704136063
72.9030401025
72.8565534564
72.849861931
72.8446694492
72.8404905321
72.8370523645
72.8341868761
72.8370619794
72.8353081274
72.8340097979
72.839130765
72.8360550281
72.834223418
72.8379929594
72.8341779594
72.8324924803
72.8352783316
72.8326271586
72.8314012727
72.8325463134
72.8318099753
72.8309957243
72.829862949
72.8757371154
72.8314460299
72.8316575183
72.8309302473
72.8299086509
72.8308390441
72.8294255721
72.8293643486
72.8286706002
72.830274376
72.8279247204
72.8281768097
72.8276147506
72.8284695101
72.8263268544
72.8268088304
72.8263018741
72.8252129568
72.8729393629
72.8256408801
72.8276296433
72.8215228546
72.8217956368
72.8209567624
72.8194690488
72.8545580957
72.819740456
72.8140090665
72.8625032018
72.8241726489
72.5809181762
72.4847038122
72.4247025878
72.1739966271
72.1579009841
72.1443223482
72.1327659351
72.1192800107
72.1108927547
72.1020823179
72.0931259793
72.0841351025
72.0751485518
72.0661510281
72.0590090812
72.0308931094
72.0342436853
72.0333696993
72.0298555833
72.0264943535
72.0246123277
72.0057370964
72.0029284716
72.0018435146
72.0026171089
71.9775696611
71.9734536953
71.9667616352
71.9501905321
71.9386368417
71.9398421099
71.9176820347
71.9101212726
71.9090776462
71.8920197418
71.8829319909
71.8893692177
71.8658350211
71.8563788441
71.8435063212
71.8377927762
71.8485675506
71.8241596584
71.8241303146
71.8118232836
71.8070913615
71.7956717816
71.7935342148
71.7787881206
71.7755846775
71.7620530344
71.7532699042
71.7532710784
71.7307440421
71.7416638778
71.7202971368
71.7089187852
71.7003840931
71.6874164435
71.695534243
71.6958771332
71.6888720372
71.6713119753
71.6615899041
71.6733445209
71.6567549554
71.6481913956
71.6494456962
71.6302725021
71.6371833612
71.6173712097
71.6049892725
71.5943727452
71.6160716362
71.6104038443
71.6025212397
71.5959402362
71.5876755885
71.5818245656
71.5763924493
71.5679828389
71.5640310451
71.5583040362
71.5446645129
71.5496352661
71.5325594389
71.5361258816
71.5247325311
71.5131724351
71.5062679145
71.5173119589
71.5063217858
71.4999900728
71.4990280924
71.4867762453
71.5883319967
71.0908816619
70.9326772962
71.1928502032
70.9174055634
70.8204125386
70.6462922098
70.4957670275
70.4981997369
70.444390191
70.5814500535
70.4196611883
70.5239204927
70.3793924574
70.427793838
70.3333220629
70.345114935
70.3283555876
70.276553453
70.3088788766
70.2438397418
70.2041711165
70.1786700101
70.1804320126
70.1152099704
70.1014012003
70.0900516393
70.2327081253
70.1816139141
69.9925363878
70.0134969094
69.9295432063
69.8933939964
69.8557960459
69.8528226776
69.8318680186
69.8093442141
69.7829463531
69.7675144918
69.7615196722
69.7606220788
69.736969058
69.7208715129
69.7190534935
69.7031612867
69.6914887597
69.6834488619
69.6804004948
69.672929961
69.6729068881
69.7756938125
69.6499950058
69.6461773912
69.6407417866
69.6357198303
69.6411441688
69.6308443311
69.6333962167
69.7700928144
69.6489533619
69.7683383688
69.5791391146
69.6470707729
69.5543067982
69.5764099703
69.5367037073
69.5344627355
69.5135079109
69.5126251508
69.491563361
69.4747046248
69.4568288825
69.4374034217
69.4090762617
69.378611261
69.3417563838
69.2957564108
69.2429105803
69.1740065814
69.0975645223
69.0203304673
68.9510656464
68.8990585793
68.8637371879
68.8441951056
68.8294834727
68.8218684236
68.8173104971
68.8138063305
68.8116439747
68.8103292697
68.8091720957
68.8101682151
68.8070996956
68.8065387479
68.8057365151
68.805289195
68.8054259228
68.8047739067
68.8046049117
68.8042805853
68.8039929604
68.8040855993
68.8049483844
68.7984630402
68.7231066393
68.6695728843
68.6280874399
68.5957263637
68.5765680002
68.5568182534
68.5357077178
68.5136257424
68.4909051759
68.4847084598
68.4813532255
68.4793067615
68.4781010438
68.4770322701
68.4761215871
68.4755238334
68.4764484687
68.4745564229
68.4736847702
68.473091031
68.472663061
68.4724126557
68.4719788343
68.4716558403
68.4714228494
68.4710841472
68.4708084413
68.4705098666
68.4704698493
68.4700106684
68.469852196
68.4695600952
68.4692754922
68.4691398923
68.4688866914
68.4686335946
68.4685015556
68.4684477873
68.4680854639
68.4683033572
68.4677392749
68.4675775951
68.467412963
68.4671949843
68.4670851645
68.4681504655
68.4663413707
68.4660734634
68.4657844519
68.4656903525
68.4656966732
68.4656428324
68.4655827755
68.465496546
68.465416935
68.4653784635
68.4652828798
68.4651753229
68.4652272611
68.465098743
68.5668804445
68.4720579252
68.4674961271
68.4659552975
68.4653497943
68.4650986843
68.4649897449
68.4649377194
68.4649069287
68.4648514299
68.4648099156
68.4647839905
68.4647766041
68.4647022185
68.4646995333
68.4646166419
68.4646738335
68.4645393592
68.4645120087
68.4644297413
68.4654565505
68.4639026188
68.4635360532
68.4634446366
68.4634649073
68.463477521
68.4635123648
68.4635059905
68.4636742892
68.4634721691
68.4634539306
68.463382596
68.4633388034
68.4632774531
68.4631997039
68.4631424876
68.4630738854
68.4630064225
68.462957929
68.462862491
68.4627933762
68.4628122737
68.4626650751
68.4625834987
68.4625213279
68.4624590471
68.4623609086
68.4636705005
68.4629221522
68.4619248455
68.4615904589
68.4614958883
68.4614869027
68.4615229906
68.4615416756
68.4616307984
68.4615560475
68.4615484067
68.4615402257
68.4614812305
68.4614293853
68.4613923575
68.4614216266
68.4612560772
68.4611976131
68.461133415
68.4610656292
68.4610009504
68.4609430187
68.4608834727
68.4608201836
68.4607613426
68.4607016716
68.4606501195
68.4605716816
68.4605054863
68.4604502443
68.4603860801
68.4603253233
68.4602511581
68.4601905312
68.46013495
68.4600914262
68.4600202472
68.4599614281
68.4598890465
68.459831158
68.4598561952
68.4597032299
68.459649902
68.4595794106
68.4595201013
68.459454076
68.4593823796
68.4593151656
68.4592556466
68.4591961392
68.4591264209
68.4590716427
68.4590186353
68.4589483708
68.4588900937
68.4588415384
68.4587709598
68.4587101353
68.4586675146
68.4585859745
68.458524465
68.4584621744
68.4584008417
68.458330665
68.4582714299
68.4582163034
68.4581415444
68.4580822356
68.4580154823
68.4579564322
68.4578979732
68.4578355458
68.457775096
68.4577203061
68.4576564131
68.4575942754
68.4575303985
68.4574711552
68.4574168794
68.4574410593
68.4572858452
68.4572729103
68.4571536055
68.4570788114
68.4570148713
68.4569361578
68.45687618
68.4568174015
68.4567486426
68.4566934731
68.4566323975
68.456575207
68.4565272118
68.4564569136
68.4564065991
68.4563568862
68.4562905246
68.4562403205
68.4561786417
68.4561247991
68.4561061542
68.4560016185
68.4559499878
68.4558913072
68.4558355083
68.4557721757
68.4557156178
68.4556664367
68.4556020131
68.4555438575
68.4554909712
68.455434554
68.4553742473
68.45531959
68.4552649577
68.4552115025
68.4551579119
68.4550953195
68.4550457292
68.4549930652
68.4549342822
68.454881371
68.454826104
68.4547743882
68.4547889638
68.4546590444
68.4546084216
68.4545501683
68.4544925411
68.4544400676
68.4543811679
68.4543288003
68.4542753682
68.4542207962
68.4541688878
68.4541141735
68.4540658119
68.4540150508
68.4539625746
68.4539080045
68.4538595846
68.4538060197
68.4537559097
68.4537077611
68.4536523995
68.4536009792
68.4535566905
68.4534971607
68.4534480011
68.4533962383
68.4534249792
68.4532897947
68.4532404691
68.4531908048
68.4531339155
68.4530811829
68.4530272795
68.452978097
68.453349906
68.4524030857
68.4522017579
68.4521756049
68.4522013627
68.4522407432
68.452275157
68.4522908763
68.4523039924
68.4522784526
68.4522576384
68.4522335685
68.4522061986
68.4521713521
68.4521331686
68.452094862
68.4520561722
68.4520187067
68.4519771553
68.45193736
68.4519652561
68.4518480478
68.4518049496
68.4517616501
68.4517165175
68.4516704174
68.4516240517
68.4515801104
68.4515377905
68.4514938145
68.4514493627
68.4514094046
68.4513674349
68.4513274588
68.451282161
68.4512397636
68.4512020539
68.4511560862
68.4511157857
68.4510719654
68.4510295547
68.4509898102
68.4509457964
68.4509068025
68.4508677243
68.4508224988
68.4507839012
68.4507444697
68.4507007097
68.450661389
68.4506245002
68.4506025884
68.4505363322
68.4504903765
68.4504508145
68.4504075652
68.4503625362
68.4503227989
68.4502824716
68.4502390423
68.450199484
68.4501625113
68.4501201151
68.4500818409
68.4500414856
68.4500013115
68.4499614138
68.4499236977
68.4498829025
68.4498436433
68.4498077853
68.4497651819
68.4497289178
68.4496915847
68.449650518
68.4496127543
68.4495776525
68.4495370767
68.4494984131
68.4494639125
68.449423903
68.4493854204
68.449351339
68.449308838
68.4492709153
68.449268606
68.4491899922
68.4491507909
68.4491124269
68.4490740332
68.4490353482
68.4489960137
68.4489591974
68.4489218633
68.4488826329
68.4488486516
68.4488114843
68.4487716496
68.4487361557
68.4487013251
68.4486684272
68.4486296668
68.4485945541
68.4485610907
68.4485228523
68.4484872941
68.4484548007
68.4484161178
68.4483817326
68.4483487417
68.4483113079
68.4484801465
68.4477670373
68.4476357588
68.4476437057
68.4481407834
68.4477670466
68.4478079676
68.4478352804
68.4478474138
68.4478485499
68.4478450135
68.4478965491
68.4478126158
68.4477896986
68.447812463
68.4477176959
68.4476820482
68.4476436154
68.4476037723
68.4475707343
68.4475376638
68.4475020615
68.4474720301
68.4474417197
68.4474101313
68.4473779601
68.4473462976
68.4473168599
68.4472890115
68.4472569558
68.4472267921
68.4471978306
68.4471704024
68.4471379052
68.4471110361
68.4470808246
68.4470507568
68.4470200548
68.4469923155
68.4469631411
68.4469331693
68.4469048273
68.4468763789
68.4468493031
68.446818821
68.4468509415
68.4467592273
68.4467308817
68.4466985016
68.4466703703
68.4466406021
68.4466111578
68.4465796056
68.446549292
68.4465215679
68.4464936883
68.4464611764
68.446432131
68.4463988601
68.4463711206
68.4463409528
68.4463129463
68.4462824372
68.4462535803
68.4462238772
68.4461925831
68.4461637103
68.4461360414
68.4461053348
68.4460755856
68.4460490489
68.446018013
68.4459892946
68.4459616669
68.4459326259
68.4459037179
68.4458762899
68.4458515456
68.4458213101
68.4457934429
68.4457628052
68.4462995214
68.4456004718
68.4452253551
68.4452140401
68.4451812641
68.4452390211
68.4452954824
68.4453367966
68.4453667013
68.4453845393
68.4453946057
68.4454000256
68.44539788
68.4453903654
68.4453790085
68.4453660269
68.4453527017
68.4453396732
68.4453184422
68.4452995871
68.4452799377
68.4452626564
68.4452386137
68.4452161973
68.4451972667
68.4451783588
68.4451537557
68.4451325291
68.445109758
68.4450864346
68.4450649176
68.4450430309
68.4450230197
68.4449977449
68.4449775146
68.444955411
68.4449349991
68.4449120853
68.4448902286
68.4448700555
68.4448504674
68.4448255316
68.4448058966
68.4447841095
68.44476452
68.4447666466
68.4447156573
68.4446949304
68.4446710178
68.444648182
68.4446271939
68.4446054843
68.4445812743
68.4445592044
68.4445377937
68.4445178854
68.4444943703
68.4444730635
68.4444532344
68.4444337839
68.4444103869
68.4443894278
68.444368748
68.4443501428
68.4443267991
68.4443064904
68.4442865379
68.4442679549
68.4442443916
68.4442256364
68.4442042495
68.4441835475
68.4441625056
68.4441420998
68.4441229887
68.4441053178
68.4440827281
68.444062904
68.4440421694
68.4440213819
68.4440010492
68.4439808839
68.4439627883
68.4439414663
68.4439211198
68.4439022573
68.4438835028
68.4438613148
68.4438918466
68.4438118648
68.443789095
68.4437628871
68.4437511026
68.4437141801
68.4436907713
68.4436680992
68.4436459964
68.443622573
68.4436004376
68.443580848
68.4435587849
68.4435381581
68.4435193037
68.4435016291
68.4434800412
68.4434606271
68.4434438427
68.4434225706
68.4434044633
68.4433854394
68.4433651967
68.4433466657
68.4433283453
68.4433088876
68.4432897511
68.4432731688
68.4432558721
68.4432349803
68.4432184186
68.4432001394
68.4431799178
68.4431629121
68.4431446452
68.4431274009
68.4431080114
68.4430891165
68.4430716469
68.4430506075
68.4430319153
68.4430109998
68.4429898799
68.4429702874
68.4429499755
68.4429314536
68.4429097988
68.4428896548
68.4428680328
68.4428466824
68.4428264839
68.4428059958
68.4427851311
68.4427640358
68.4427429672
68.4427230706
68.4427258009
68.4426782644
68.4426561072
68.4426332524
68.4426111642
68.4425894887
68.4425672961
68.4425464033
68.4425218608
68.4425028779
68.442479676
68.4424595552
68.4424371485
68.4424166513
68.4423951338
68.4423745913
68.4423520781
68.4423333389
68.4423139724
68.4422917479
68.4422726289
68.4422510559
68.4422315819
68.4422089077
68.4421908043
68.4421687933
68.4421490408
68.4421279588
68.4421084951
68.4420877874
68.4420678231
68.4420474056
68.442027513
68.4420074306
68.4419875755
68.4419690151
68.4419483739
68.4419293042
68.4419081362
68.441889117
68.4418686242
68.441848465
68.4418290179
68.4418097571
68.4417896716
68.4417579687
68.6195979437
68.4459430511
68.4434645587
68.4423255977
68.4418160339
68.4416023674
68.4423541552
68.44137006
68.4411330582
68.441149309
68.4412507479
68.4413708789
68.4414860039
68.4415887194
68.4416779144
68.4417546825
68.4418207031
68.4418776428
68.4419269646
68.4419688656
68.442002614
68.4420315517
68.4420561228
68.4420768481
68.4420942238
68.4421086882
68.4421206156
68.4421303214
68.4421380695
68.442144081
68.4421485415
68.4421516076
68.4421534121
68.4421540684
68.4421530595
68.4421506736
68.4421474165
68.442143387
68.4421386611
68.4421332979
68.4421273448
68.4421208405
68.4421138179
68.4421063057
68.442098329
68.4420893305
68.4421060637
68.4420675578
68.4420556464
68.4420421697
68.4420292779
68.4420163595
68.4420039236
68.4419917821
68.4419792941
68.4419672476
68.4419548977
68.4419425343
68.4419301863
68.4419178256
68.4419050776
68.4418926463
68.4418794786
68.4418668987
68.4418533007
68.4418406813
68.4418261379
68.4418129432
68.4417983315
68.4417845094
68.4417700533
68.4417557154
68.4417413882
68.4417265464
68.4417124335
68.4416971033
68.4416820477
68.4416669938
68.4416511552
68.441635836
68.4416191926
68.4416024767
68.4415856194
68.4415697193
68.4415502847
68.441534476
68.4415159063
68.441498094
68.4414818829
68.4414626269
68.4414457304
68.4414268213
68.4414081349
68.4413897648
68.4413715058
68.441353606
68.4413349715
68.4413163827
68.4412983825
68.4412951982
68.4412581264
68.441236956
68.4412177391
68.4411976104
68.4411790756
68.4411586784
68.4411388771
68.4411198457
68.441100504
68.4410813306
68.4410626679
68.4410441583
68.4410253854
68.4410067253
68.440988092
68.4409694458
68.4409506754
68.4409338084
68.4409139659
68.4408964528
68.4408775203
68.4408605415
68.4408418995
68.4408234528
67.9794740165
67.9634059979
67.9506783922
67.9405653286
67.9325032301
67.9260541192
67.9208765545
67.9167042029
67.9133286528
67.9105866924
67.9083501628
67.9065180174
67.9050107212
67.9037651778
67.9027314834
67.9018697634
67.9011483921
67.9005418145
67.9000297447
67.8995956492
67.8992261599
67.8989105759
67.8986399585
67.8984071488
67.8982062181
67.8980321716
67.8978810501
67.8977493868
67.8976344701
67.8975338088
67.8974454968
67.8973677986
67.8972993225
67.8972388405
67.897185274
67.8971378222
67.897095584
67.8970580686
67.8970245576
67.8969946636
67.8969678674
67.896943878
67.8969223464
67.8969029614
67.896885525
67.8968697436
67.8968554957
67.8968426304
67.8968308791
67.8968202768
67.8968105391
67.8968017439
67.8967936428
67.8967862392
67.8967794328
67.8967731841
67.8967674881
67.8967621125
67.8967572294
67.8967526547
67.8967484358
67.8967444713
67.8967408046
67.896737365
67.896734151
67.8967311722
67.8967282882
67.8967256282
67.8967231153
67.896720711
67.8967184334
67.8967163016
67.8967142861
67.896712337
67.8967105013
67.896708706
67.8967070262
67.8967054044
67.8967038409
67.8967023379
67.8967009057
67.8966995509
67.8966981936
67.8966969145
67.8966956793
67.8966944857
67.8966932986
67.8966921795
67.8966911234
67.8966900403
67.8966890521
67.8966880234
67.8966871034
67.8966861151
67.896685232
67.8966843091
67.8966834938
67.8966825992
67.8966817838
67.8966810056
67.8966802022
67.8966794593
67.8966786908
67.8966779935
67.8966772708
67.8966765795
67.8966758746
67.8966752382
67.8966745722
67.8966739376
67.8966733318
67.8966727091
67.8966721353
67.8966715408
67.8966709921
67.8966704326
67.8966698902
67.8966693491
67.8966688102
67.8966683335
67.8966677984
67.8966673439
67.8966668451
67.896666384
67.8966658998
67.8966654626
67.8966650138
67.8966645747
67.8966641793
67.8966637426
67.896663351
67.896662939
67.8966625646
67.8966621644
67.896661796
67.8966614117
67.8966610767
67.8966607144
67.8966603642
67.8966600049
67.8966597062
67.8966593432
67.8966590259
67.8966587323
67.8966584065
67.8966581103
67.8966578003
67.8966575351
67.8966572239
67.8966569744
67.8966566716
67.8966564146
67.8966561572
67.8966558896
67.8966556629
67.8966553849
67.8966551648
67.8966549109
67.8966547003
67.8966544467
67.896654251
67.8966539986
67.8966538012
67.8966535928
67.8966533766
67.8966532061
67.8966529739
67.8966528086
67.8966525993
67.8966524403
67.8966522296
67.8966520857
67.8966518738
67.8966517246
67.8966515568
67.896651376
67.896651249
67.8966510674
67.896650959
67.8966507768
67.8966506597
67.8966504831
67.8966503887
67.8966502055
67.8966501219
67.8966499446
67.8966498483
67.8966497194
67.8966495911
67.8966494688
67.8966493539
67.8966492886
67.8966491399
67.8966490716
67.8966489277
67.8966488743
67.8966487262
67.8966486566
67.8966485569
67.8966484731
67.8966483701
67.8966482947
67.8966482102
67.8966481351
67.8966480718
67.8966479853
67.8966479297
67.8966478358
67.8966477654
67.8966477027
67.8966476577
67.8966475707
67.8966475275
67.8966474594
67.8966474154
67.8966473705
67.8966473141
67.8966472721
67.8966472247
67.8966471764
67.8966471298
67.8966471114
67.8966470452
67.8966470134
67.8966469797
